file, Mean F0 (Hz),Start F0 (Hz),End F0 (Hz),Max F0 (Hz),Min F0 (Hz),Range F0 (Hz),Time max F0 (%),F0 Abs Slope,F0 var (Hz/s),FM Rate (s-1),FM Extent (Hz),Q25% (Hz),Q50% (Hz),Q75% (Hz),Fpeak (Hz),Sound duration (s), AM var (dB/s), AM rate (s-1), AM extent (dB),Harmonicity, F1 mean (Hz),F2 mean (Hz),F3 mean (Hz),F4 mean (Hz),F5 mean (Hz),F6 mean (Hz),formant dispersal (Hz),vocal tract length (cm),mean wiener entropy,Comment,
HFC_01.wav,90.047,84.08,85.56,93.665,82.433,11.232,40.480,46.884,43.141,3.704,11.647945495550061,336.747,411.917,1513.410,355.304,0.540,55.272,8.333,6.633,10.14,367.847,984.918,1584.186,2232.834,2948.791,3501.201,626.671,27.925,-2.471,,
HFC_02.wav,92.736,99.76,94.71,100.313,82.134,18.179,83.801,107.510,92.564,4.881,18.964374490936912,281.200,381.266,638.277,390.414,0.922,44.953,9.762,4.605,13.16,351.776,907.252,1551.504,2051.479,2747.508,3274.615,584.568,29.937,-0.368,zgomot de fundal,
HFC_03.wav,96.096,86.39,89.17,99.738,86.385,13.352,69.102,45.287,42.793,3.681,11.624552555006595,322.039,393.203,527.974,375.968,1.087,36.875,9.663,3.816,17.63,372.492,823.696,1545.886,2096.156,2778.285,3333.587,592.219,29.550,-0.651,,
HFC_04.wav,90.756,74.70,86.27,106.622,74.701,31.921,31.831,67.372,64.580,4.690,13.768584600372769,335.866,437.810,1740.083,344.585,0.853,43.247,8.208,5.269,10.43,359.694,979.062,1725.449,2251.281,2920.098,3415.855,611.232,28.631,-2.253,,
HFC_05.wav,91.439,81.57,77.78,104.609,77.775,26.834,41.968,92.808,54.082,1.675,32.29162616830731,336.817,573.212,2293.873,344.122,0.896,53.756,8.374,6.419,11.10,343.591,1203.138,1880.517,2327.598,2900.370,3341.953,599.672,29.183,-2.218,,
HFC_06.wav,96.005,96.15,76.19,100.611,76.193,24.418,10.518,45.231,31.379,2.115,14.83685217226946,373.714,431.023,861.177,372.600,1.182,61.197,7.191,8.511,13.32,387.620,920.623,1567.242,2074.886,2711.633,3190.834,560.643,31.214,-1.073,,
HFC_07.wav,92.133,97.01,82.64,105.229,82.639,22.590,32.169,40.598,21.191,1.242,17.060199432257505,325.586,380.549,573.942,352.814,1.610,55.948,8.074,6.929,16.54,350.847,1006.198,1632.209,2213.793,2919.580,3438.820,617.595,28.336,-0.487,zgomot,
HFC_08.wav,89.813,77.40,72.97,104.214,72.974,31.240,29.110,81.698,79.027,2.721,29.04037222821904,286.871,440.547,2782.461,344.662,0.919,62.438,8.708,7.170,8.01,347.493,1054.077,1628.442,2183.680,2895.317,3407.915,612.084,28.591,-2.732,,
HFC_09.wav,94.381,81.50,93.84,104.490,77.648,26.842,15.178,69.189,66.078,4.006,16.4963835152749,328.186,412.230,809.397,370.866,1.373,22.276,10.196,2.185,18.76,362.401,1027.312,1641.242,2179.066,2769.282,3214.392,570.398,30.680,-1.737,,
HFC_10.wav,92.019,71.45,83.72,103.938,71.453,32.485,27.956,59.835,51.127,3.037,16.834487190129995,327.349,384.811,574.550,357.493,1.317,44.750,9.491,4.715,14.92,349.364,982.194,1575.439,2074.593,2700.934,3235.276,577.182,30.320,-0.229,,
HFC_100.wav,90.234,72.71,75.07,105.865,72.711,33.155,33.388,113.491,81.689,3.154,25.898541796460716,317.027,869.356,2262.041,336.326,1.110,35.628,7.660,4.651,14.61,343.911,1120.497,1832.539,2322.169,2864.370,3315.306,594.279,29.447,-1.660,,
HFC_101.wav,89.578,98.24,88.28,103.733,84.278,19.455,14.968,53.857,43.452,5.236,8.298252457306056,301.638,489.010,2517.218,366.249,0.764,49.738,9.164,5.428,11.79,331.027,787.143,1636.177,2180.642,2879.315,3437.419,621.278,28.168,-3.102,zgomot,
HFC_102.wav,90.072,74.92,100.40,105.801,74.922,30.879,35.597,110.483,97.708,3.894,25.094587627815816,295.322,403.097,1011.072,351.567,0.770,27.755,7.787,3.564,12.10,331.021,654.751,1576.060,2121.200,2828.771,3337.316,601.259,29.106,-1.875,,
HFC_103.wav,84.810,72.01,90.27,90.266,72.008,18.258,79.868,32.253,18.670,1.100,16.96644553479436,355.260,1362.467,3898.200,354.151,0.909,70.512,6.052,11.651,20.83,356.955,757.083,1661.151,2221.083,2888.927,3355.148,599.639,29.184,-4.949,,
HFC_104.wav,90.882,91.96,85.67,99.201,83.509,15.692,51.054,84.015,81.614,4.138,19.724977143178343,325.521,497.358,2208.852,361.700,1.208,53.809,7.448,7.225,10.51,376.848,1014.525,1639.033,2188.064,2804.579,3325.717,589.774,29.672,-1.986,,
HFC_105.wav,90.995,83.25,87.20,104.056,78.384,25.671,29.620,99.414,73.068,2.240,32.623670635424595,324.582,398.149,1170.359,330.617,1.116,61.560,11.199,5.497,11.02,351.601,1139.372,1645.726,2137.291,2803.575,3322.531,594.186,29.452,-2.269,,
HFC_106.wav,91.454,92.33,88.31,102.734,83.648,19.086,9.946,52.482,50.711,7.096,7.1465583874847125,292.506,470.763,1674.010,293.727,1.057,41.550,12.772,3.253,14.05,334.678,877.106,1556.210,2147.952,2750.161,3238.584,580.781,30.132,-2.007,,
HFC_107.wav,89.234,82.67,83.21,102.501,81.961,20.540,9.785,80.175,78.157,4.401,17.756940972451478,318.171,493.516,1692.278,336.304,1.363,42.031,11.371,3.697,13.46,360.341,881.665,1602.917,2125.791,2803.004,3270.870,582.106,30.063,-1.842,,
HFC_108.wav,91.864,87.89,89.19,94.714,86.824,7.890,56.523,25.979,23.525,2.324,10.12180850267662,348.969,376.717,445.234,356.870,0.645,62.880,6.198,10.145,14.24,371.609,811.821,1528.485,2022.381,2776.538,3305.492,586.777,29.824,-0.546,,
HFC_109.wav,91.761,88.54,86.19,95.153,86.187,8.967,54.744,27.584,24.248,2.865,8.463111561347617,351.020,375.045,421.456,356.837,0.698,41.094,10.744,3.825,21.19,370.563,773.057,1555.201,2071.904,2681.409,3335.152,592.918,29.515,-0.962,,
HFC_11.wav,93.389,90.60,93.13,102.230,74.401,27.830,11.865,91.514,85.285,4.506,18.92741475950695,323.108,403.015,700.989,324.109,1.110,58.642,7.660,7.656,15.45,361.767,970.411,1562.745,2113.390,2759.985,3333.943,594.435,29.440,-1.089,,
HFC_110.wav,90.962,72.71,90.86,105.200,72.712,32.489,25.957,80.506,75.908,4.269,17.78169820631023,344.635,392.604,610.536,350.800,0.820,44.902,10.367,4.331,13.05,384.304,853.060,1630.172,2093.516,2843.276,3293.480,581.835,30.077,-0.663,,
HFC_111.wav,92.048,88.78,79.04,104.562,79.038,25.524,12.459,63.415,57.409,6.552,8.762169442884108,298.102,375.346,578.128,335.275,1.297,34.366,9.635,3.567,18.16,350.552,996.662,1610.377,2054.797,2795.795,3246.144,579.118,30.218,-0.670,,
HFC_112.wav,91.827,76.95,79.53,107.598,76.950,30.649,38.365,76.059,74.098,4.502,16.458045346239736,300.855,384.148,998.712,330.408,1.222,45.679,8.595,5.315,11.86,342.813,1014.574,1637.447,2112.009,2683.370,3245.147,580.467,30.148,-1.602,,
HFC_113.wav,88.495,89.83,84.20,93.161,84.064,9.097,34.392,28.864,26.848,2.500,10.74106467394553,277.023,378.293,790.338,360.092,0.800,48.663,10.623,4.581,9.07,347.867,958.098,1587.306,2049.542,2763.228,3238.552,578.137,30.270,-0.820,,
HFC_114.wav,92.511,84.81,78.22,108.006,78.217,29.789,53.181,72.150,37.530,1.942,19.327280583362835,336.599,609.980,2548.143,337.926,1.287,36.631,9.321,3.930,13.59,338.689,1250.657,1881.714,2391.117,2944.539,3386.064,609.475,28.713,-2.368,,
HFC_115.wav,91.302,93.96,82.85,103.301,79.360,23.941,9.544,91.182,86.836,3.217,26.991210068276303,337.733,406.626,823.755,350.831,0.777,53.570,9.008,5.947,12.42,356.862,910.348,1540.927,2047.509,2680.519,3181.778,564.983,30.974,-1.055,,
HFC_116.wav,88.035,80.79,82.27,106.592,77.925,28.667,32.281,104.763,96.490,5.423,17.791861016757473,304.858,492.621,3675.561,330.517,1.106,65.722,8.587,7.654,7.05,346.911,1084.544,1683.429,2269.999,2934.425,3487.702,628.158,27.859,-3.107,zgomot,
HFC_117.wav,89.523,86.14,78.76,96.092,78.760,17.332,19.724,61.997,59.477,6.660,8.930197621792539,254.900,365.359,693.925,371.561,0.751,34.155,10.656,3.205,7.89,350.520,856.816,1523.285,2072.093,2764.939,3307.771,591.450,29.588,-0.546,,
HFC_118.wav,94.442,72.26,86.20,109.746,72.257,37.489,70.730,49.033,29.980,0.347,86.47474520420855,303.846,431.220,1935.769,325.145,1.442,60.785,12.481,4.870,7.35,346.599,1094.226,1655.368,2177.840,2847.562,3349.836,600.648,29.135,-2.139,zgomot,
HFC_119.wav,92.330,83.75,80.71,107.154,80.036,27.118,36.666,87.732,54.356,1.611,33.73721247807619,350.340,759.297,2380.652,356.474,1.241,47.885,8.056,5.944,12.88,338.845,1189.551,1866.145,2336.499,2948.224,3347.320,601.695,29.084,-2.296,,
HFC_12.wav,92.765,77.29,88.36,100.728,77.292,23.436,84.294,69.217,66.265,3.245,20.422782928574797,328.170,410.895,855.439,374.019,1.541,48.929,7.463,6.556,17.69,351.756,934.313,1580.893,2102.534,2706.715,3154.110,560.471,31.224,-1.373,,
HFC_120.wav,81.738,78.84,80.56,104.189,70.623,33.566,26.086,76.157,51.132,2.591,19.732236685791445,329.012,874.901,2166.976,297.955,1.930,30.594,5.960,5.133,15.89,367.762,1238.831,1816.695,2350.218,2899.973,3397.871,606.022,28.877,-1.619,,
HFC_121.wav,85.285,74.90,72.42,99.586,72.422,27.164,30.791,102.730,73.266,3.905,18.76370854816957,259.775,349.923,492.266,344.732,1.152,55.036,7.809,7.047,10.76,343.730,942.784,1735.043,2225.489,2933.301,3460.348,623.324,28.075,0.056,,
HFC_122.wav,88.964,95.84,72.24,104.926,72.239,32.687,23.221,105.347,71.490,4.218,16.948414426966167,189.999,315.413,539.233,83.100,0.948,58.612,8.436,6.948,8.53,337.031,954.818,1593.105,2104.017,2820.639,3336.153,599.825,29.175,-0.038,,
HFC_123.wav,84.019,86.06,88.85,101.586,71.956,29.630,13.384,112.256,101.850,4.290,23.743853175075248,283.728,345.392,598.204,276.959,1.166,43.690,6.434,6.790,17.09,327.834,1029.012,1569.672,2070.888,2794.971,3263.267,587.086,29.808,-0.825,,
HFC_124.wav,91.219,79.69,83.79,106.298,79.693,26.605,19.661,66.366,64.615,3.954,16.339722627823498,276.935,368.475,818.880,330.803,1.264,58.584,8.304,7.055,10.26,338.342,995.647,1608.375,2128.498,2741.383,3324.867,597.305,29.298,-1.147,,
HFC_125.wav,94.819,78.54,85.00,108.588,78.543,30.044,53.893,110.758,67.955,1.735,39.157068899638475,328.146,572.138,2229.310,335.781,1.152,57.700,7.809,7.389,16.01,334.070,1239.256,1897.771,2395.665,2998.931,3370.512,607.288,28.817,-2.832,,
HFC_126.wav,92.966,89.56,85.04,97.266,81.191,16.075,61.266,55.996,52.551,2.548,20.62553902159859,320.789,385.877,535.858,369.506,0.981,47.048,5.605,8.394,15.85,359.660,912.600,1622.417,2223.535,2815.251,3307.925,589.653,29.678,-0.545,,
HFC_127.wav,91.334,81.00,89.43,102.458,80.624,21.834,60.236,101.501,99.079,5.049,19.62429425623049,297.000,378.643,643.486,333.683,1.287,47.017,9.709,4.843,10.06,353.342,871.682,1548.700,2140.876,2721.876,3200.360,569.404,30.734,-0.413,,
HFC_128.wav,90.728,86.46,75.15,107.093,75.153,31.939,30.486,81.763,55.254,2.781,19.867337285903158,309.520,346.469,379.680,345.357,0.899,56.135,8.343,6.728,18.72,349.042,768.287,1670.483,2140.136,2821.331,3291.510,588.494,29.737,-0.259,,
HFC_129.wav,96.916,84.14,85.68,104.015,84.138,19.877,65.723,53.051,43.794,1.177,37.20414888065386,358.391,440.412,1006.401,377.004,1.274,65.177,9.025,7.222,13.15,387.604,912.177,1538.023,2118.643,2772.344,3224.013,567.282,30.849,-1.392,,
HFC_13.wav,95.611,104.84,91.76,104.839,83.713,21.126,18.203,66.554,30.680,1.664,18.43598400771799,370.923,423.381,758.430,375.667,1.202,71.914,7.905,9.098,14.76,371.818,944.199,1572.169,2100.968,2768.466,3306.975,587.031,29.811,-1.246,,
HFC_130.wav,95.401,85.19,86.96,101.289,76.292,24.996,41.561,66.044,49.939,4.114,12.138342244984551,346.670,439.597,1080.363,377.854,1.337,70.531,9.724,7.253,12.20,381.003,965.367,1563.912,2097.346,2755.055,3197.591,563.318,31.066,-1.494,,
HFC_131.wav,87.873,95.64,76.54,103.609,76.300,27.309,45.399,100.827,76.779,3.219,23.849145654566595,243.396,338.315,502.092,328.932,0.932,55.654,12.341,4.510,10.44,327.517,1026.662,1570.294,2188.122,2846.248,3350.081,604.513,28.949,0.185,,
HFC_132.wav,90.453,91.03,89.00,107.463,83.361,24.102,31.309,72.425,55.557,2.647,20.991816342800313,332.395,500.054,2160.048,338.179,1.511,65.530,7.940,8.253,11.80,344.561,1141.287,1783.371,2239.125,2822.612,3317.816,594.651,29.429,-2.369,,
HFC_133.wav,92.455,91.32,84.86,107.049,81.563,25.486,58.652,70.793,38.999,0.996,39.16594050847138,322.288,392.806,1373.955,328.267,1.004,54.533,9.459,5.765,15.21,323.386,1112.134,1713.446,2178.781,2902.371,3377.620,610.847,28.649,-2.608,,
HFC_134.wav,93.404,90.70,72.56,102.392,72.562,29.829,11.205,63.485,60.898,1.645,37.02884356799297,330.937,374.429,491.172,353.204,0.912,63.585,6.030,10.544,16.21,361.674,878.936,1441.764,2003.778,2652.677,3207.698,569.205,30.745,-0.785,,
HFC_135.wav,94.520,74.41,94.80,99.771,74.409,25.362,78.110,69.141,60.029,1.700,35.314957923804435,349.053,517.263,1210.515,371.503,0.882,39.845,7.932,5.023,13.86,381.166,948.758,1616.155,2084.316,2659.034,3210.572,565.881,30.925,-1.223,,
HFC_136.wav,93.059,76.41,82.17,101.954,76.414,25.540,17.759,58.351,51.801,2.145,24.15234067591505,329.795,426.570,929.244,354.141,1.166,38.039,7.721,4.927,16.56,368.190,855.024,1523.110,1989.042,2679.877,3203.587,567.079,30.860,-0.724,,
HFC_137.wav,100.144,72.25,81.46,109.581,72.253,37.328,44.148,71.306,41.358,0.495,83.61697455469758,236.977,338.182,471.100,334.063,1.011,37.669,8.408,4.480,15.29,333.972,879.197,1610.662,2066.745,2782.151,3203.312,573.868,30.495,0.098,,
HFC_138.wav,88.517,103.23,100.18,104.400,75.577,28.823,32.281,99.350,84.181,3.385,24.867541421995064,230.782,330.987,425.821,329.517,1.034,35.112,8.705,4.034,16.54,338.749,919.309,1568.185,2031.954,2658.792,3226.780,577.606,30.297,0.086,,
HFC_139.wav,93.719,71.42,89.09,107.565,71.418,36.147,42.415,111.663,82.612,2.649,31.191364157782825,294.656,364.367,1155.814,312.827,1.133,40.318,4.856,8.303,18.51,311.232,984.968,1757.260,2225.351,2896.966,3362.336,610.221,28.678,-3.171,,
HFC_14.wav,87.605,81.01,91.99,100.601,71.284,29.317,51.794,107.011,99.743,4.767,20.92528615252285,283.932,399.082,1001.900,275.170,1.469,68.504,7.831,8.748,10.53,345.113,966.891,1590.690,2054.979,2753.627,3194.950,569.967,30.704,-1.230,,
HFC_15.wav,90.687,78.39,89.01,107.706,78.395,29.311,48.101,67.616,50.681,1.808,28.035833060118286,327.222,492.672,2298.353,330.297,1.106,32.354,5.875,5.507,19.52,322.014,1162.958,1836.543,2262.920,2849.281,3352.359,606.069,28.875,-2.653,,
HFC_16.wav,95.233,78.68,92.65,105.414,78.679,26.735,63.674,69.416,66.462,2.585,25.71383490757929,299.882,349.573,664.889,307.195,0.774,52.532,8.400,6.254,14.60,340.190,1016.838,1757.331,2192.135,2875.099,3345.805,601.123,29.112,-0.836,,
HFC_17.wav,87.034,77.79,85.02,103.382,77.792,25.590,23.338,104.286,96.059,2.997,32.05097930908172,277.454,361.198,771.971,323.918,1.001,48.264,8.492,5.684,13.77,326.449,1093.545,1660.690,2165.689,2836.549,3381.048,610.920,28.645,-1.480,,
HFC_18.wav,88.109,105.96,82.83,105.999,73.202,32.797,29.322,93.231,31.105,1.494,20.825343495201565,227.270,336.238,407.847,354.650,1.004,48.175,10.455,4.608,6.28,348.248,1177.884,1850.804,2385.466,2910.534,3448.803,620.111,28.221,0.250,2 vaci,
HFC_19.wav,94.467,93.71,84.75,101.975,82.273,19.701,73.873,78.178,63.253,1.893,33.407261566673014,357.957,499.542,1244.494,370.366,1.320,58.619,9.088,6.450,13.67,368.798,996.485,1597.572,2123.373,2650.206,3137.136,553.668,31.607,-1.775,,
HFC_20.wav,87.015,78.71,84.41,106.925,73.107,33.817,52.575,90.277,70.108,2.483,28.24015394573449,335.933,444.533,1856.812,349.437,1.208,52.922,8.689,6.091,12.51,364.312,1124.954,1682.028,2184.697,2802.232,3320.672,591.272,29.597,-2.193,,
HFC_21.wav,91.355,75.02,98.53,105.666,75.016,30.650,49.728,98.220,60.916,1.499,40.651377895363574,321.610,470.737,1718.489,340.918,1.001,63.336,8.492,7.459,11.18,346.496,1084.848,1687.310,2164.088,2827.376,3300.732,590.847,29.618,-1.866,,
HFC_22.wav,94.469,102.13,76.29,102.132,76.108,26.025,4.541,55.502,50.362,1.117,45.1054875276582,382.917,391.727,404.486,379.999,0.896,46.411,3.908,11.876,23.50,373.634,626.769,1508.224,2100.869,2753.863,3256.059,576.485,30.356,-1.353,,
HFC_23.wav,91.020,94.02,90.92,103.713,82.893,20.819,9.839,80.441,77.520,4.934,15.71210733239151,322.476,617.494,3938.207,344.562,0.912,61.500,8.223,7.479,7.30,360.197,888.975,1656.117,2131.359,2986.605,3481.825,624.325,28.030,-3.253,,
HFC_24.wav,92.551,96.16,86.55,103.773,82.211,21.563,9.550,58.313,55.831,3.477,16.055056770060244,322.468,392.234,897.816,344.944,0.863,48.715,8.694,5.604,15.21,364.230,981.902,1570.617,2145.754,2821.342,3443.179,615.790,28.419,-1.219,,
HFC_25.wav,89.596,75.22,85.71,106.917,75.217,31.700,87.952,85.358,67.256,3.996,16.830573744423216,334.496,411.060,1740.081,335.285,1.376,55.287,8.719,6.341,13.56,368.793,1152.445,1664.562,2280.020,2930.988,3427.021,611.646,28.611,-2.263,,
HFC_26.wav,95.108,92.27,89.12,101.505,88.056,13.449,23.367,51.340,31.707,1.474,21.50677177151283,377.142,420.048,753.816,372.046,1.017,46.719,7.371,6.338,16.34,374.420,956.426,1579.677,2042.972,2801.482,3221.333,569.383,30.735,-1.380,,
HFC_27.wav,97.163,89.91,90.32,102.787,86.608,16.179,13.203,81.685,68.888,2.971,23.18703972268466,349.264,452.866,1014.620,385.681,1.515,38.387,9.573,4.010,15.53,379.589,939.182,1603.398,2095.942,2735.440,3169.180,557.918,31.367,-1.435,,
HFC_28.wav,92.515,91.67,83.90,99.530,83.901,15.630,18.577,53.326,36.018,4.042,8.911823664200256,298.156,361.921,445.992,356.661,0.866,47.247,6.351,7.439,19.28,362.864,919.344,1640.317,2126.026,2797.734,3225.294,572.486,30.568,-0.486,,
HFC_29.wav,93.010,91.34,84.47,106.629,84.468,22.161,36.344,56.757,36.669,0.899,40.81119740696275,362.726,558.011,2346.993,353.457,1.113,39.665,4.043,9.810,20.84,364.677,1259.610,1880.298,2346.139,2938.115,3338.908,594.846,29.419,-2.359,,
HFC_30.wav,92.086,80.82,79.64,99.541,79.622,19.919,16.280,55.061,44.484,2.233,19.92050528504935,347.816,390.817,532.606,369.842,1.120,34.365,5.806,5.919,16.39,367.121,902.191,1536.915,2014.074,2753.177,3245.934,575.763,30.394,-0.698,,
HFC_31.wav,91.190,93.66,88.00,106.724,80.419,26.305,33.608,88.414,84.612,4.614,18.33740773327661,253.315,510.551,2009.970,241.119,1.192,45.993,11.745,3.916,8.12,329.183,1111.663,1599.618,2125.352,2859.663,3409.454,616.054,28.407,-1.639,,
HFC_32.wav,84.652,84.89,86.58,105.237,75.399,29.838,18.397,91.534,87.962,4.637,18.970730483056858,307.161,574.149,3629.220,334.317,0.863,39.815,10.433,3.816,7.43,354.877,992.090,1599.938,2127.335,2853.648,3430.824,615.189,28.447,-2.695,,
HFC_33.wav,89.812,77.10,105.87,106.888,77.101,29.787,29.450,72.723,70.195,4.314,16.27177895259919,325.691,513.453,4621.848,342.055,1.159,49.651,9.922,5.004,10.99,341.886,978.945,1655.479,2181.537,2870.856,3361.934,604.009,28.973,-3.538,,
HFC_34.wav,86.356,83.32,83.77,97.221,77.062,20.159,88.989,63.200,59.682,3.175,18.799969680845976,312.915,397.411,1403.958,340.414,0.945,59.526,10.053,5.921,7.05,366.473,1087.784,1717.551,2296.708,2894.763,3415.079,609.721,28.702,-2.139,,
HFC_35.wav,86.898,70.72,95.45,106.727,70.720,36.007,70.338,68.653,42.932,1.119,38.35673396463637,321.957,349.240,413.501,335.390,1.340,39.184,5.596,7.002,19.95,341.840,945.355,1639.880,2277.076,2899.213,3341.292,599.890,29.172,-1.036,,
HFC_36.wav,98.184,89.34,92.98,101.080,89.338,11.743,74.898,17.618,9.365,1.856,5.04477785908864,381.318,409.537,498.558,384.443,1.347,46.721,13.737,3.401,18.01,391.676,790.938,1532.099,1935.975,2628.947,3111.704,544.006,32.169,-1.329,,
HFC_37.wav,90.749,77.24,85.58,104.049,77.242,26.807,25.950,55.885,47.127,3.477,13.55188985319651,319.470,367.283,475.325,336.891,1.294,49.840,8.887,5.608,16.53,351.857,878.665,1583.223,2045.176,2761.601,3267.352,583.099,30.012,-0.460,,
HFC_38.wav,93.345,102.11,90.23,102.110,86.856,15.253,7.320,60.460,51.885,1.797,28.871955308365045,339.592,436.327,1639.632,364.196,0.556,28.075,7.188,3.906,11.75,360.464,1129.465,1640.087,2143.615,2798.065,3298.122,587.531,29.786,-2.220,,
HFC_39.wav,87.652,80.63,79.64,101.936,75.302,26.634,12.914,84.648,80.429,3.578,22.480922718774295,296.616,385.312,717.886,358.226,1.258,42.923,6.360,6.749,17.18,343.150,966.628,1614.477,2116.359,2756.206,3227.330,576.836,30.338,-1.357,,
HFC_40.wav,88.800,92.94,88.59,102.100,76.267,25.833,12.923,91.925,86.800,2.909,29.838612368796316,336.826,436.942,1400.848,331.193,0.859,51.767,6.400,8.089,13.96,353.426,1037.172,1597.510,2122.139,2707.459,3233.543,576.023,30.381,-1.971,,
HFC_41.wav,89.624,76.08,84.22,102.730,76.084,26.647,20.056,60.526,58.455,2.087,28.005556473972135,324.197,357.855,410.872,340.339,0.958,37.175,9.915,3.750,22.39,353.188,857.734,1497.983,2062.880,2682.374,3308.117,590.986,29.612,-1.154,,
HFC_42.wav,91.694,83.20,78.36,107.339,76.438,30.901,12.591,74.781,68.966,2.961,23.29231032646759,294.114,400.937,990.670,356.111,2.364,41.790,7.825,5.340,14.99,350.637,1086.541,1586.154,2114.639,2789.521,3298.688,589.610,29.681,-1.690,,
HFC_43.wav,94.088,81.84,86.51,105.707,81.838,23.869,17.930,52.624,45.587,1.718,26.538509605775516,340.470,406.521,676.027,326.713,1.455,47.102,9.276,5.078,17.17,371.481,892.581,1562.010,2049.005,2695.015,3175.931,560.890,31.200,-0.937,,
HFC_44.wav,86.282,77.77,78.00,106.658,72.568,34.089,27.583,116.439,112.707,4.394,25.64806756956111,309.295,443.123,1670.080,336.972,1.024,54.300,7.812,6.951,10.19,345.289,1110.056,1707.991,2191.465,2847.215,3362.367,603.415,29.002,-2.000,,
HFC_45.wav,92.610,85.58,99.17,103.928,85.082,18.846,41.708,107.548,76.910,4.126,18.638314010977172,311.327,626.436,2219.513,344.475,0.606,56.074,5.777,9.706,9.03,330.157,1071.659,1844.936,2265.538,2853.070,3327.888,599.546,29.189,-1.988,,
HFC_46.wav,93.616,85.82,81.39,103.727,81.387,22.341,24.908,82.731,72.593,1.808,40.15731582706665,353.951,513.853,1960.141,362.283,0.830,41.608,9.039,4.603,13.88,363.571,1124.863,1747.259,2174.364,2832.209,3273.355,581.957,30.071,-2.118,,
HFC_47.wav,93.088,87.75,103.75,103.748,87.751,15.997,97.021,42.056,33.511,1.615,20.74386888542861,339.584,381.019,477.274,362.017,0.619,22.397,10.500,2.133,17.42,367.317,776.242,1564.301,1956.938,2764.598,3352.436,597.024,29.312,-0.672,,
HFC_48.wav,88.385,78.98,80.37,104.570,78.984,25.586,42.967,74.277,49.880,0.970,51.40656465767654,329.834,349.181,386.664,337.265,1.031,41.556,6.792,6.118,19.22,348.494,933.700,1644.530,2169.606,2825.413,3402.464,610.794,28.651,-0.430,,
HFC_49.wav,92.212,103.73,90.30,108.014,84.098,23.916,8.397,74.824,71.329,2.688,26.539903710929437,308.317,418.183,1480.692,362.951,0.744,54.469,4.703,11.581,10.65,329.238,933.826,1625.850,2190.903,2887.468,3445.983,623.349,28.074,-2.323,,
HFC_50.wav,91.898,103.25,89.55,107.108,80.410,26.698,15.145,56.750,42.298,2.292,18.454016806362475,451.275,2082.648,9973.005,352.357,0.873,94.926,8.595,11.044,7.36,357.555,1076.175,1617.686,2131.757,2977.127,3490.704,626.630,27.927,-3.560,zgomot,
HFC_51.wav,91.416,92.50,78.13,101.099,78.131,22.968,7.999,75.759,73.250,4.452,16.4546775634646,295.872,408.953,1005.647,283.750,1.011,34.385,7.914,4.345,10.70,348.709,995.466,1577.809,2088.038,2748.354,3322.607,594.780,29.423,-1.318,,
HFC_52.wav,88.292,90.25,89.82,100.299,80.214,20.085,70.356,83.863,67.857,3.188,21.282248633859133,337.657,530.531,2444.152,347.976,1.255,64.507,9.167,7.037,9.81,359.668,950.573,1629.607,2163.489,2807.103,3357.372,599.541,29.189,-2.203,,
HFC_53.wav,93.707,93.35,87.73,107.085,82.229,24.856,33.996,90.965,81.869,2.537,32.27113325266281,318.440,500.340,2785.152,338.563,1.380,44.761,11.960,3.743,11.28,350.607,923.834,1597.541,2107.701,2861.041,3394.188,608.716,28.749,-2.834,,
HFC_54.wav,98.304,76.21,88.72,109.108,76.206,32.901,83.189,58.969,26.408,0,--undefined--,328.470,869.802,2575.657,329.293,1.202,38.151,7.488,5.095,12.91,358.936,1226.133,1892.179,2374.071,2977.512,3406.112,609.435,28.715,-2.010,,
HFC_55.wav,102.235,84.25,107.18,107.175,84.252,22.923,97.780,54.516,23.676,2.441,9.698103394347152,319.807,423.887,2071.746,319.962,1.024,50.016,7.324,6.829,15.81,341.026,1205.065,1746.692,2257.304,2888.388,3368.739,605.542,28.900,-2.447,,
HFC_56.wav,85.860,74.79,87.75,103.879,74.793,29.086,53.088,55.058,53.506,4.230,12.649822508977067,301.462,351.282,408.102,342.670,1.182,44.236,11.420,3.873,14.45,311.447,938.935,1714.079,2150.440,2839.011,3370.297,611.770,28.606,0.370,,
HFC_57.wav,89.512,95.91,93.12,101.424,81.547,19.877,10.210,80.321,77.011,7.048,10.92656955077235,310.094,361.373,504.959,345.840,0.780,55.772,5.126,10.881,12.60,353.105,957.236,1629.224,2237.743,2898.086,3412.045,611.788,28.605,-0.133,,
HFC_58.wav,89.462,73.65,87.88,104.032,73.650,30.382,23.338,111.007,106.572,4.088,26.067588820870203,334.636,404.105,726.741,364.783,0.856,59.224,8.177,7.243,12.33,367.249,847.530,1594.551,2114.881,2801.229,3325.725,591.695,29.576,-0.485,,
HFC_59.wav,92.821,84.64,88.45,101.659,78.421,23.238,11.572,93.295,90.206,3.773,23.91009055246478,364.520,415.346,833.265,370.041,1.060,54.508,7.545,7.224,17.34,375.744,979.997,1619.472,2168.170,2827.012,3296.800,584.211,29.955,-1.713,,
HFC_60.wav,84.757,70.52,88.59,105.004,70.517,34.486,94.367,87.576,65.015,1.080,60.226868651975145,281.759,846.886,8059.876,218.956,1.390,47.081,9.356,5.032,11.40,339.765,939.596,1730.145,2260.102,2978.220,3476.562,627.359,27.895,-4.478,,
HFC_61.wav,91.716,78.69,90.67,106.852,78.694,28.159,37.574,57.309,41.299,1.884,21.920843502247873,342.132,381.269,557.447,342.921,1.327,36.380,9.420,3.862,19.05,359.754,882.278,1569.825,2009.505,2772.230,3295.082,587.066,29.809,-0.711,,
HFC_62.wav,92.698,70.66,75.23,108.712,70.658,38.055,82.181,77.338,36.652,0.460,79.65095380453778,337.048,486.552,1808.481,398.989,1.087,49.336,12.424,3.971,8.04,378.043,1127.402,1792.878,2290.848,2911.651,3448.574,614.106,28.497,-2.068,,
HFC_63.wav,89.645,91.08,87.07,100.775,77.537,23.238,12.318,98.312,93.081,3.180,29.26980932634912,318.457,393.176,919.143,340.428,0.629,39.299,6.360,6.179,13.12,347.139,1065.754,1623.839,2173.713,2845.812,3250.958,580.764,30.133,-1.913,,
HFC_64.wav,88.437,98.26,86.92,98.258,72.940,25.318,1.095,76.264,74.170,4.590,16.159273762040588,274.096,403.848,1099.547,379.144,1.307,27.995,9.562,2.928,13.37,334.294,949.467,1563.570,2085.757,2790.630,3207.255,574.592,30.456,-1.654,,
HFC_65.wav,89.504,83.97,90.75,105.808,75.796,30.012,34.165,99.741,96.206,2.802,34.339122711437135,310.598,368.278,541.803,343.964,0.892,60.335,6.164,9.789,14.36,350.488,1111.723,1665.226,2204.953,2832.918,3312.999,592.502,29.536,-0.451,,
HFC_66.wav,92.373,81.43,92.20,102.785,81.428,21.357,13.647,63.529,59.110,4.058,14.564971196957353,327.176,420.150,1561.891,359.921,1.478,55.448,9.131,6.072,13.80,358.972,1027.811,1588.559,2100.326,2733.113,3262.505,580.707,30.136,-2.198,,
HFC_67.wav,98.997,77.79,91.49,109.327,77.790,31.537,71.903,43.949,42.154,0.846,49.82994904484485,314.488,420.822,1631.747,319.434,1.182,59.055,11.843,4.986,10.13,351.399,1122.380,1671.198,2174.797,2900.659,3424.153,614.551,28.476,-2.168,,
HFC_68.wav,92.310,92.48,86.42,104.396,85.723,18.673,53.624,86.682,39.494,1.298,30.430222026368114,342.468,553.175,2580.569,336.912,0.770,51.282,5.191,9.878,16.67,352.994,1183.995,1930.076,2385.095,3045.906,3411.376,611.676,28.610,-3.112,,
HFC_69.wav,89.806,84.56,83.85,105.259,83.470,21.790,26.187,76.676,66.776,2.315,28.84715051692971,345.890,545.877,2434.638,338.785,1.080,28.988,5.093,5.692,21.80,349.713,1231.701,1844.998,2380.855,2922.113,3421.220,614.301,28.488,-2.691,,
HFC_70.wav,94.738,78.32,105.34,107.659,78.317,29.342,76.722,89.745,84.615,2.258,37.47430617725254,317.278,415.103,3091.298,312.649,0.886,71.272,9.032,7.891,11.09,329.156,1088.804,1693.848,2188.546,2883.294,3378.333,609.835,28.696,-3.111,,
HFC_71.wav,87.995,75.98,88.32,104.334,75.587,28.747,33.049,100.441,95.812,3.057,31.33771463932641,309.572,430.448,1796.503,332.752,0.981,42.535,7.644,5.565,12.86,339.878,1049.813,1648.164,2148.362,2798.630,3318.269,595.678,29.378,-2.339,,
HFC_72.wav,90.007,99.42,78.66,107.811,71.094,36.717,73.278,107.956,56.888,0.949,59.94055328838059,195.968,384.600,838.794,168.218,1.580,24.869,9.174,2.711,10.02,404.785,1058.517,1764.484,2260.764,2833.393,3434.883,606.019,28.877,-0.488,,
HFC_73.wav,87.386,71.51,81.16,105.172,71.509,33.663,36.650,95.110,83.788,3.462,24.20011587272071,257.376,337.656,552.186,315.563,1.011,44.911,8.408,5.341,15.31,314.044,1037.255,1668.901,2189.159,2804.700,3275.378,592.267,29.547,-0.479,,
HFC_74.wav,91.666,82.23,82.10,105.921,81.458,24.462,26.159,91.532,83.056,2.692,30.848602198271447,301.431,407.792,1198.224,359.882,0.929,47.885,13.462,3.557,9.12,361.337,867.960,1604.617,2130.392,2823.725,3358.431,599.419,29.195,-1.635,,
HFC_75.wav,88.749,92.53,79.37,101.575,76.659,24.916,8.275,66.055,64.106,5.484,11.690773205370903,322.795,447.660,1628.201,345.953,1.185,52.945,9.702,5.457,8.93,369.003,874.813,1517.883,2058.598,2804.916,3408.260,607.852,28.790,-1.756,,
HFC_76.wav,88.044,79.58,82.01,99.065,75.933,23.131,31.402,124.229,112.116,3.504,31.994088427038573,327.779,384.628,599.602,360.316,0.856,69.195,6.424,10.771,11.59,361.658,993.252,1722.445,2267.324,2866.244,3350.308,597.730,29.277,-0.131,,
HFC_77.wav,90.059,100.43,87.95,100.427,81.510,18.916,1.898,89.587,85.240,6.602,12.910873371573004,309.065,443.892,1254.352,384.655,0.757,31.857,8.583,3.712,13.04,348.921,1044.385,1572.848,2097.954,2806.697,3333.193,596.854,29.320,-1.708,,
HFC_78.wav,87.600,90.16,91.66,104.167,71.232,32.935,12.510,92.030,83.949,3.441,24.394320442917923,294.923,395.787,728.710,277.571,1.162,40.226,6.453,6.234,13.46,342.755,1088.569,1575.289,2130.788,2805.800,3286.801,588.809,29.721,-1.028,,
HFC_79.wav,92.676,78.60,79.58,102.605,78.595,24.010,13.282,85.273,82.498,4.272,19.311335522366225,332.569,442.131,1178.674,373.254,1.287,44.538,8.932,4.986,15.67,368.421,1056.869,1541.892,2113.247,2730.767,3274.650,581.246,30.108,-1.827,,
HFC_80.wav,89.920,76.89,82.93,103.894,71.386,32.508,18.619,95.126,88.300,3.262,27.071516922181807,363.181,461.589,963.281,398.664,1.380,59.714,8.336,7.164,13.12,387.529,930.312,1551.871,2070.390,2689.844,3240.059,570.506,30.675,-1.067,,
HFC_81.wav,94.297,88.53,91.74,102.541,82.469,20.073,61.797,71.930,61.688,3.323,18.56506793094792,373.929,484.133,896.656,379.567,1.505,50.740,8.972,5.656,13.20,408.240,855.237,1510.662,2053.006,2661.206,3173.446,553.041,31.643,-0.670,,
HFC_82.wav,89.445,72.56,88.10,106.631,72.561,34.070,24.686,93.149,86.411,2.691,32.11109960943596,306.072,416.850,1139.130,339.679,1.301,50.925,9.611,5.299,12.46,346.071,873.191,1593.150,2086.749,2781.008,3304.949,591.776,29.572,-1.117,,
HFC_83.wav,88.277,74.62,88.20,106.392,74.619,31.773,22.970,89.154,86.316,4.546,18.985651018766863,300.338,407.223,983.937,340.124,1.100,60.350,8.638,6.986,11.66,403.873,951.994,1561.332,2106.477,2712.076,3275.406,574.307,30.472,-0.949,,
HFC_84.wav,94.042,86.07,82.53,98.179,82.532,15.648,49.113,57.889,53.055,4.601,11.530085018195313,349.151,384.578,492.660,365.802,0.543,76.406,10.123,7.548,11.73,380.624,820.000,1531.672,2098.063,2664.934,3209.624,565.800,30.930,-0.499,,
HFC_85.wav,92.719,93.25,81.01,101.048,80.729,20.319,8.113,92.142,89.250,2.418,36.910289897562045,362.230,416.852,713.114,374.216,1.034,70.870,9.189,7.713,12.34,384.752,852.674,1547.424,2038.323,2652.446,3240.141,571.078,30.644,-0.869,,
HFC_86.wav,91.575,94.64,73.99,99.554,73.387,26.167,59.947,96.398,90.338,3.451,26.176306710229124,292.244,373.172,454.036,376.739,0.869,52.326,6.327,8.270,16.80,373.576,858.201,1585.275,2169.355,2849.764,3296.088,584.502,29.940,-0.413,,
HFC_87.wav,93.846,100.64,88.75,103.671,79.891,23.780,5.081,71.723,68.762,4.006,17.16646796335293,345.572,488.734,2213.942,386.351,1.373,46.318,9.832,4.711,15.40,371.143,873.356,1616.056,2175.966,2894.437,3413.653,608.502,28.759,-3.046,,
HFC_88.wav,90.293,80.84,76.09,106.704,76.090,30.614,40.835,92.093,64.505,1.555,41.4878561650635,340.163,645.813,2544.128,339.595,0.965,33.681,6.219,5.416,16.83,359.856,1205.962,1914.910,2374.291,2940.224,3366.589,601.347,29.101,-2.291,,
HFC_89.wav,90.441,87.88,82.29,102.212,80.458,21.754,12.982,136.946,132.326,5.605,23.608069774111073,331.023,440.146,1761.507,366.449,0.981,58.190,10.701,5.438,11.86,357.990,962.008,1605.381,2140.576,2807.619,3367.719,601.946,29.072,-2.090,,
HFC_90.wav,90.313,77.12,88.03,107.449,77.124,30.324,28.652,79.003,76.781,4.218,18.202879491040626,341.891,397.653,889.495,350.718,1.185,80.807,11.389,7.095,11.29,366.113,847.283,1578.151,2110.519,2845.992,3383.241,603.426,29.001,-1.245,,
HFC_91.wav,93.062,81.08,80.18,106.781,80.177,26.604,54.511,113.816,44.604,0.888,50.228476624313885,336.250,585.256,2507.491,335.973,1.126,43.752,6.216,7.038,15.03,345.369,1261.547,1906.243,2431.927,2968.683,3398.623,610.651,28.658,-2.620,,
HFC_92.wav,83.306,73.35,75.93,106.176,71.845,34.331,68.292,85.152,80.232,2.525,31.77732338735633,293.202,389.634,1161.381,326.254,1.386,49.723,9.017,5.514,9.72,335.808,1113.098,1674.138,2189.280,2805.556,3299.573,592.753,29.523,-1.942,,
HFC_93.wav,90.520,76.03,83.95,103.276,76.028,27.248,31.974,71.287,57.582,3.810,15.113767128178328,345.725,371.342,431.912,351.753,0.919,44.396,7.076,6.275,18.51,360.661,867.431,1601.657,2085.386,2756.334,3321.793,592.226,29.550,-0.463,,
HFC_94.wav,91.316,82.76,84.25,107.497,82.758,24.740,33.799,76.647,47.204,2.220,21.262592515669372,351.406,508.323,2309.601,349.909,1.126,38.399,5.772,6.652,18.39,357.484,1222.709,1932.629,2369.015,2952.285,3375.100,603.523,28.996,-2.423,,
HFC_95.wav,87.678,71.42,97.32,103.186,71.418,31.768,31.206,75.868,67.288,1.985,33.89870561477596,327.843,355.772,406.665,346.927,1.008,67.885,8.436,8.047,12.10,345.242,954.048,1642.829,2166.677,2827.284,3328.729,596.697,29.328,-0.027,,
HFC_96.wav,88.613,74.43,80.09,103.155,74.426,28.729,28.367,63.563,58.787,2.380,24.699716808247313,341.577,369.676,491.391,348.943,1.050,54.131,8.092,6.689,17.02,349.538,960.120,1580.430,2172.989,2793.924,3225.809,575.254,30.421,-0.782,,
HFC_97.wav,89.240,100.91,83.80,102.883,77.301,25.583,3.883,106.821,103.172,5.028,20.518751718583374,313.558,390.806,651.170,362.894,0.994,57.292,8.548,6.702,14.69,362.864,874.773,1611.011,2061.460,2744.664,3158.393,559.106,31.300,-0.906,,
HFC_98.wav,92.972,87.60,87.10,106.747,84.887,21.860,41.517,64.998,42.318,0.873,48.49052935331457,362.234,652.243,2415.008,354.443,1.146,44.935,3.491,12.872,17.74,348.986,1270.852,1923.596,2456.885,2937.452,3416.681,613.539,28.523,-2.284,,
HFC_99.wav,87.610,70.52,71.88,101.135,70.502,30.633,55.522,55.111,52.530,2.626,20.00678766505239,303.261,414.685,1656.130,349.402,1.143,46.030,9.190,5.009,12.14,324.211,1071.711,1798.699,2341.842,2949.074,3426.291,620.416,28.207,-2.896,,