file, Mean F0 (Hz),Start F0 (Hz),End F0 (Hz),Max F0 (Hz),Min F0 (Hz),Range F0 (Hz),Time max F0 (%),F0 Abs Slope,F0 var (Hz/s),FM Rate (s-1),FM Extent (Hz),Q25% (Hz),Q50% (Hz),Q75% (Hz),Fpeak (Hz),Sound duration (s), AM var (dB/s), AM rate (s-1), AM extent (dB),Harmonicity, F1 mean (Hz),F2 mean (Hz),F3 mean (Hz),F4 mean (Hz),F5 mean (Hz),F6 mean (Hz),formant dispersal (Hz),vocal tract length (cm),mean wiener entropy,Comment,
HFC_01.wav,87.643,95.30,80.47,103.002,80.395,22.607,29.560,83.621,76.072,5.755,13.219213468643238,230.575,334.468,578.034,338.489,0.869,77.745,13.811,5.629,3.99,335.026,899.693,1569.458,2109.946,2820.427,3355.379,604.071,28.970,0.065,,
HFC_02.wav,89.700,76.83,100.39,104.561,76.828,27.733,22.525,123.226,79.704,3.615,22.047346586533973,298.803,380.448,583.540,323.189,1.245,77.369,8.034,9.631,7.57,355.049,939.559,1538.037,2085.286,2714.435,3265.558,582.102,30.063,-0.083,,
HFC_03.wav,91.721,100.78,87.54,107.225,82.650,24.574,24.827,85.802,69.039,3.864,17.8679081357439,332.477,379.812,846.752,331.900,0.906,71.381,7.728,9.237,13.78,335.837,1002.821,1655.105,2143.282,2824.039,3250.404,582.913,30.022,-1.558,,
HFC_04.wav,90.827,74.58,84.14,107.179,74.580,32.599,37.058,60.822,45.452,1.049,43.31882331177754,326.623,368.091,601.028,335.783,1.430,81.314,9.793,8.303,15.29,344.092,1010.649,1636.787,2139.143,2830.059,3265.204,584.222,29.954,-0.633,,
HFC_05.wav,96.364,73.84,107.32,107.368,73.837,33.531,86.068,82.842,68.620,1.631,42.072753311899724,302.554,368.136,1131.287,314.725,1.226,76.825,9.786,7.851,9.14,322.395,1078.879,1697.407,2215.710,2968.250,3416.307,618.782,28.281,-1.932,,
HFC_06.wav,89.885,72.80,103.20,103.865,72.798,31.067,88.506,54.178,35.279,0.877,40.217844064442346,311.796,437.578,1677.822,344.396,1.140,60.524,8.772,6.900,9.24,340.909,1161.632,1663.110,2153.206,2842.176,3370.317,605.882,28.884,-1.947,,
HFC_07.wav,91.376,91.01,104.24,104.241,73.575,30.665,91.419,81.102,49.744,1.639,30.346917562991734,303.807,413.959,1612.120,321.216,1.220,63.476,10.245,6.196,12.30,333.302,1096.971,1669.284,2111.876,2827.554,3273.003,587.940,29.765,-2.357,,
HFC_08.wav,90.351,83.71,77.83,107.188,74.850,32.338,42.140,72.376,50.288,2.145,23.447769953780696,323.469,387.059,922.841,338.201,1.399,69.104,10.723,6.444,14.72,342.873,1014.994,1602.833,2110.593,2747.546,3188.589,569.143,30.748,-1.607,,
HFC_09.wav,90.234,72.33,95.70,100.946,72.329,28.617,61.523,76.689,54.548,0.990,55.12521975870213,302.533,388.462,1397.981,309.346,1.011,75.462,9.400,8.028,10.88,331.229,1134.533,1706.522,2165.297,2922.370,3374.117,608.578,28.756,-2.221,,
HFC_10.wav,87.029,82.72,82.11,101.660,80.319,21.340,19.962,58.838,41.322,4.143,9.973171983319327,298.090,414.041,1218.207,345.622,1.448,69.715,10.013,6.962,13.52,329.427,1018.237,1566.430,2037.968,2738.992,3218.981,577.911,30.281,-1.646,,
HFC_100.wav,85.888,88.80,82.98,90.550,77.623,12.927,61.424,39.540,35.940,3.182,11.295015351375762,329.154,393.967,950.370,342.015,0.943,60.742,7.425,8.181,10.01,353.711,1084.972,1769.988,2276.998,2986.745,3468.202,622.898,28.094,-1.853,,
HFC_101.wav,92.906,81.37,86.47,99.837,81.370,18.467,50.640,54.819,49.336,2.617,18.84934399295392,306.529,434.560,1607.492,298.384,0.764,73.015,8.506,8.583,7.18,341.718,1072.428,1661.221,2139.616,2880.560,3312.151,594.086,29.457,-2.048,,
HFC_102.wav,86.719,85.93,82.36,90.536,76.868,13.669,42.946,39.482,16.276,1.119,14.542479501617336,346.375,403.361,1176.452,339.344,0.894,79.293,7.275,10.900,16.37,354.328,1021.632,1632.463,2150.564,2811.158,3282.969,585.728,29.877,-2.044,,
HFC_103.wav,89.108,76.27,79.46,106.607,76.272,30.334,26.805,83.116,65.765,3.108,21.16319506084064,316.238,389.138,955.437,344.822,1.448,83.186,8.632,9.637,13.68,352.462,1017.747,1566.019,2108.135,2763.858,3223.860,574.280,30.473,-1.739,,
HFC_104.wav,93.652,78.76,79.97,106.791,78.757,28.033,18.536,73.637,57.991,2.402,24.141318050573503,319.222,391.720,742.482,343.358,1.873,69.023,9.876,6.989,16.76,359.239,998.686,1564.392,2086.717,2715.126,3162.063,560.565,31.219,-1.232,,
HFC_105.wav,88.935,99.29,85.56,103.643,80.464,23.179,19.169,57.266,38.203,3.081,12.39863856380723,328.630,358.023,478.956,335.573,0.974,77.269,6.676,11.574,16.58,345.002,1085.876,1712.606,2177.476,2870.345,3365.956,604.191,28.964,-0.233,,
HFC_106.wav,88.706,80.02,75.59,98.820,75.594,23.226,43.327,78.846,74.815,2.898,25.816970509802772,301.846,412.489,1389.235,328.109,0.690,75.132,7.969,9.428,6.57,336.253,1059.202,1626.309,2213.309,2878.126,3352.860,603.322,29.006,-1.819,,
HFC_107.wav,92.510,85.28,79.96,97.667,79.958,17.709,46.228,48.209,41.349,3.838,10.774223918487548,329.303,491.774,1795.893,342.618,0.912,70.419,8.224,8.563,8.21,363.181,1112.865,1692.353,2131.716,2889.071,3387.683,604.900,28.930,-1.957,,
HFC_108.wav,91.254,101.72,80.85,105.598,77.063,28.535,38.924,76.491,37.690,2.223,16.954493790643802,307.874,391.909,1148.330,314.305,0.900,87.141,14.450,6.031,6.42,361.825,963.661,1655.541,2224.481,2946.615,3482.825,624.200,28.036,-1.460,,
HFC_109.wav,90.830,100.36,87.33,105.055,79.080,25.975,92.984,124.975,120.997,6.491,18.63995308115396,304.911,545.752,2720.659,301.974,1.078,50.367,13.446,3.746,3.92,347.177,1047.393,1655.880,2324.967,2998.915,3454.046,621.374,28.163,-2.719,,
HFC_11.wav,86.405,76.16,71.96,103.744,71.958,31.786,18.972,92.913,79.700,4.673,17.055577939256317,278.441,375.157,805.145,356.108,1.177,66.051,9.771,6.760,10.34,330.765,1007.128,1578.213,2081.787,2857.116,3397.157,613.278,28.535,-0.810,,
HFC_110.wav,85.249,94.29,80.68,101.758,75.860,25.898,9.400,63.174,54.218,4.622,11.73074317064458,329.425,392.892,1158.843,328.856,0.974,59.370,11.298,5.255,14.66,328.938,962.226,1612.421,2041.121,2769.633,3226.722,579.557,30.195,-1.887,,
HFC_111.wav,92.528,96.64,102.56,108.793,77.780,31.013,16.078,92.528,83.361,3.346,24.913402873721388,325.732,394.798,1038.126,345.369,1.195,69.750,7.529,9.265,11.50,366.192,1053.538,1582.102,2042.451,2691.337,3234.078,573.577,30.510,-1.359,,
HFC_112.wav,89.427,82.89,74.23,101.250,74.231,27.019,48.148,48.414,40.437,4.520,8.945533753297038,279.041,379.897,917.959,302.037,2.212,64.520,13.335,4.838,9.69,321.358,904.005,1583.352,2156.118,2792.451,3331.252,601.979,29.071,-1.462,,
HFC_113.wav,86.511,107.91,95.17,107.911,72.979,34.931,1.264,64.389,63.036,4.021,15.678562764623178,296.699,346.582,531.071,319.907,1.368,66.761,9.503,7.025,6.82,328.076,868.258,1599.362,2043.549,2764.363,3304.378,595.260,29.399,-0.117,,
HFC_114.wav,94.430,77.03,83.66,106.288,77.033,29.255,21.308,56.751,45.404,1.054,43.08788052389526,335.906,376.757,423.551,370.330,1.423,69.289,10.538,6.575,13.91,353.051,833.106,1437.116,1977.113,2695.844,3236.880,576.766,30.342,-0.498,,
HFC_115.wav,88.988,87.72,77.32,102.208,77.321,24.886,16.783,93.016,76.250,4.012,19.003558584923788,352.006,477.700,1156.155,362.543,1.122,63.208,8.916,7.089,9.94,374.828,974.658,1516.668,2046.742,2639.603,3158.364,556.707,31.435,-1.529,,
HFC_116.wav,95.362,85.68,97.67,102.999,83.683,19.316,67.489,109.347,82.449,4.663,17.68072787595496,341.525,570.435,1268.229,361.841,1.072,66.241,6.062,10.927,11.19,399.571,1008.199,1497.062,2073.289,2680.260,3157.509,551.588,31.727,-1.220,,
HFC_117.wav,92.474,85.02,87.56,101.517,79.076,22.441,12.755,93.589,75.318,3.275,23.00008678334315,350.294,482.263,1412.824,361.164,1.374,69.953,6.549,10.681,12.55,383.246,1055.207,1534.830,2052.811,2611.161,3197.229,562.797,31.095,-1.490,,
HFC_118.wav,84.363,83.98,89.72,93.159,71.578,21.581,81.006,52.801,41.314,1.583,26.095378908844303,268.017,284.996,335.864,277.107,1.263,74.952,6.333,11.835,18.43,300.804,1046.604,1686.606,2130.015,2889.609,3482.753,636.390,27.499,0.394,,
HFC_119.wav,81.262,86.02,79.97,107.241,70.527,36.714,15.452,79.870,73.794,2.735,26.980763191671176,240.717,447.315,1385.090,278.241,1.645,37.236,12.156,3.063,9.73,369.145,1115.901,1700.705,2138.658,2776.521,3418.975,609.966,28.690,-1.313,,
HFC_12.wav,89.115,78.97,85.06,100.485,70.659,29.826,60.045,120.161,102.957,4.571,22.523001704238478,275.227,352.786,579.077,278.745,1.313,50.349,8.381,6.008,15.87,333.846,920.336,1532.158,1987.721,2674.214,3218.303,576.891,30.335,-0.453,,
HFC_120.wav,84.203,105.17,100.04,107.640,71.341,36.299,8.069,98.223,87.873,3.255,26.996850652536814,282.096,399.657,803.756,288.314,2.151,66.503,7.905,8.413,11.26,361.477,1109.528,1665.396,2211.882,2774.880,3399.214,607.547,28.804,-0.770,,
HFC_121.wav,87.033,89.19,87.62,105.661,72.048,33.613,85.622,64.071,36.501,0.970,37.63776739276323,308.910,388.277,1185.930,316.427,3.093,56.599,10.183,5.558,10.77,341.914,1049.790,1663.041,2120.998,2826.834,3406.754,612.968,28.550,-1.789,,
HFC_122.wav,84.881,101.98,98.83,101.984,76.196,25.788,25.202,108.225,32.595,1.615,20.18589938661289,276.582,379.314,877.838,359.615,1.239,64.266,10.092,6.368,11.38,336.245,963.189,1564.929,2059.368,2777.706,3259.851,584.721,29.929,-1.050,,
HFC_123.wav,90.431,82.42,79.63,102.645,78.254,24.391,62.977,123.517,105.705,4.149,25.476239049733998,328.184,527.479,1168.305,368.814,1.085,61.811,7.837,7.887,8.81,398.311,918.881,1564.691,2126.498,2623.190,3142.847,548.907,31.882,-1.140,,
HFC_124.wav,91.505,81.09,79.33,105.901,79.294,26.607,16.717,109.922,91.540,2.756,33.21816020156987,324.338,465.917,1190.744,372.741,1.633,63.093,8.880,7.105,12.05,376.653,929.446,1575.927,2078.272,2665.741,3194.348,563.539,31.054,-1.298,,
HFC_125.wav,90.439,84.96,86.07,104.996,77.779,27.217,19.808,104.994,85.083,2.898,29.36042514114805,334.884,450.332,1104.678,344.338,1.380,59.373,6.520,9.106,13.39,359.814,954.515,1523.117,2012.551,2616.897,3135.075,555.052,31.529,-1.292,,
HFC_126.wav,87.698,79.68,83.59,101.853,79.461,22.392,17.476,90.869,79.802,3.606,22.128867410033685,338.691,618.681,1238.268,341.197,1.386,53.352,8.655,6.164,8.18,426.294,956.030,1559.119,2065.307,2632.756,3163.384,547.418,31.968,-1.072,,
HFC_127.wav,91.152,102.47,89.03,103.113,77.462,25.652,38.707,136.075,128.475,6.535,19.66016219960757,389.389,922.513,2147.210,331.700,0.918,54.052,10.891,4.963,4.08,441.538,1070.297,1683.642,2167.375,2773.635,3267.463,565.185,30.963,-1.084,,
HFC_128.wav,91.566,78.44,80.20,104.713,78.095,26.618,6.462,87.212,82.915,3.606,22.992039549893814,342.506,657.500,1357.113,338.278,3.050,61.390,9.343,6.570,9.92,446.710,992.199,1622.836,2164.436,2695.675,3211.662,552.991,31.646,-1.092,,
HFC_129.wav,91.907,75.31,95.13,107.413,75.313,32.100,26.596,74.137,57.259,2.065,27.723439040882077,327.820,377.270,621.832,343.930,1.695,75.132,8.557,8.781,16.94,349.757,962.770,1491.780,2011.145,2704.083,3240.787,578.206,30.266,-0.572,,
HFC_13.wav,90.569,72.04,85.37,107.011,72.038,34.973,35.415,68.175,58.355,2.491,23.425135769225413,318.592,374.960,588.924,345.536,1.405,61.164,8.897,6.875,13.55,343.296,948.657,1557.161,2035.110,2737.793,3271.044,585.550,29.886,-0.359,,
HFC_130.wav,86.541,78.21,94.11,97.988,70.843,27.145,44.415,109.287,94.127,4.215,22.331251744754443,267.537,372.371,726.389,266.099,0.949,75.944,7.376,10.296,13.20,343.960,950.810,1565.389,2111.968,2788.443,3337.309,598.670,29.231,-0.222,,
HFC_131.wav,94.599,108.61,85.52,108.613,85.522,23.091,17.188,89.303,52.197,2.576,20.26352850832077,351.927,484.913,1321.824,357.078,1.165,93.876,7.728,12.148,11.36,372.845,1021.241,1505.907,2049.438,2677.349,3189.222,563.275,31.068,-1.298,,
HFC_132.wav,92.560,90.74,90.50,105.603,85.197,20.406,22.068,81.471,53.039,2.798,18.956539457626768,339.262,404.150,789.248,355.240,1.251,83.716,6.795,12.320,15.31,361.491,957.035,1517.845,2081.844,2704.670,3245.505,576.803,30.340,-1.381,,
HFC_133.wav,91.973,78.73,78.85,104.179,76.805,27.373,24.743,104.886,68.329,2.217,30.82140308863477,349.591,539.849,1268.735,365.426,1.128,77.390,8.424,9.186,10.90,380.780,1006.986,1559.664,2063.611,2729.598,3234.855,570.815,30.658,-1.282,,
HFC_134.wav,93.984,96.10,85.92,104.211,80.906,23.306,11.419,87.996,65.770,2.943,22.348515633276268,409.010,927.415,2241.486,364.918,1.189,53.133,9.249,5.745,10.60,388.946,996.499,1683.064,2189.649,2880.043,3316.390,585.489,29.890,-1.582,,
HFC_135.wav,90.256,74.12,84.32,97.920,74.118,23.803,52.771,55.671,30.716,1.072,28.643743539773492,324.589,470.059,1625.890,361.665,1.399,55.934,10.723,5.216,9.02,342.303,1098.940,1623.231,2189.655,2895.633,3368.653,605.270,28.913,-1.856,,
HFC_136.wav,90.150,77.70,88.09,105.178,77.702,27.476,26.312,81.903,60.653,2.974,20.39620592333376,324.772,414.825,1219.074,344.209,1.177,72.887,8.072,9.030,11.91,364.270,995.938,1557.119,2066.504,2718.160,3241.930,575.532,30.407,-1.470,,
HFC_137.wav,89.094,78.48,81.20,97.467,78.481,18.986,62.319,78.473,50.375,1.475,34.146403550119516,340.801,444.680,1157.192,362.831,1.017,69.009,7.376,9.355,14.79,364.460,894.414,1612.373,2091.407,2727.961,3239.707,575.049,30.432,-1.443,,
HFC_138.wav,91.813,86.40,104.49,106.435,82.855,23.580,23.270,69.001,55.962,4.057,13.793982957892085,333.068,421.890,1371.976,338.096,1.725,78.288,8.983,8.715,15.43,351.432,984.855,1621.658,1989.367,2709.300,3232.124,576.138,30.375,-1.809,,
HFC_139.wav,87.028,77.41,79.29,106.517,75.298,31.219,23.572,101.346,81.895,3.731,21.95213056160745,328.908,499.665,1557.325,345.555,1.608,65.635,9.948,6.598,10.78,350.388,975.716,1624.790,2041.474,2740.417,3197.160,569.354,30.737,-1.938,,
HFC_14.wav,85.651,76.52,73.16,99.362,73.157,26.205,21.510,99.224,80.634,4.466,18.053458687718134,187.098,355.722,719.528,348.861,2.015,57.146,8.685,6.580,8.34,357.448,991.222,1610.376,2117.991,2809.834,3303.927,589.296,29.696,-0.649,,
HFC_140.wav,89.250,87.73,76.22,104.245,75.206,29.039,29.380,139.229,70.423,2.345,30.029971391510532,325.461,575.608,1273.118,340.418,1.066,62.788,9.849,6.375,8.13,411.678,975.862,1599.411,2116.121,2778.309,3236.665,564.997,30.974,-1.346,,
HFC_141.wav,87.608,84.23,85.90,92.929,83.879,9.050,32.166,35.158,34.015,3.934,8.646307845134437,285.879,370.700,688.920,352.956,1.017,64.379,10.327,6.234,12.72,344.918,980.774,1555.501,2087.086,2844.633,3316.760,594.368,29.443,-0.507,,
HFC_142.wav,92.326,82.78,84.99,104.724,74.086,30.638,64.959,90.390,67.425,3.134,21.512806193138136,337.496,659.901,1250.284,387.236,1.436,53.968,9.054,5.960,11.42,413.160,978.199,1530.067,2019.417,2719.928,3169.230,551.214,31.748,-1.014,,
HFC_143.wav,96.772,105.37,74.63,105.392,74.634,30.757,8.853,71.412,40.790,3.494,11.674083729999815,348.184,644.463,1107.647,320.428,1.288,59.902,11.259,5.320,10.05,422.692,956.566,1506.781,2016.458,2719.775,3211.330,557.728,31.377,-0.883,,
HFC_144.wav,94.514,81.21,89.90,106.693,80.078,26.616,18.852,95.242,66.570,2.000,33.28614868800691,352.490,570.228,1335.077,368.879,1.750,67.643,10.857,6.230,10.12,400.229,969.889,1536.735,2069.821,2641.069,3175.733,555.101,31.526,-1.207,,
HFC_145.wav,83.568,77.10,77.62,95.770,70.793,24.977,16.683,83.603,80.903,4.851,16.678213402374457,259.505,325.749,593.272,278.169,1.134,42.306,11.025,3.837,10.41,324.017,837.324,1619.761,2113.408,2822.365,3370.325,609.262,28.723,0.054,,
HFC_146.wav,90.270,74.87,104.66,104.663,74.874,29.790,81.662,114.192,91.274,2.003,45.55811144570528,334.238,374.999,438.856,362.223,0.998,68.945,7.513,9.177,16.18,329.499,903.676,1534.114,2055.568,2784.862,3351.323,604.365,28.956,0.097,,
HFC_147.wav,87.719,85.59,90.61,98.245,78.147,20.098,8.700,60.767,58.554,5.541,10.56676314408738,252.276,314.770,625.828,264.799,1.263,48.461,11.478,4.222,7.86,309.292,905.306,1561.803,2110.500,2852.150,3481.399,634.422,27.584,0.003,,
HFC_148.wav,90.436,74.23,91.46,103.582,74.231,29.351,23.612,110.776,87.676,1.979,44.30218761643932,285.339,395.638,739.629,375.783,1.011,52.071,7.421,7.016,11.62,343.016,907.685,1536.916,2028.499,2752.765,3241.453,579.687,30.189,-0.448,,
HFC_149.wav,92.764,76.38,90.13,104.741,76.376,28.365,19.849,78.467,61.394,3.881,15.820711756425737,306.350,434.943,1069.535,286.433,1.417,56.357,12.700,4.437,11.34,352.326,922.181,1542.576,2021.436,2693.115,3184.068,566.348,30.900,-1.111,,
HFC_15.wav,92.155,73.07,77.78,107.136,73.074,34.062,74.534,77.838,55.847,1.058,52.76813309702044,272.206,402.426,1227.859,363.469,1.417,55.544,9.878,5.623,6.66,336.194,1102.669,1611.175,2155.079,2799.720,3308.887,594.539,29.435,-1.734,,
HFC_150.wav,88.584,74.50,81.35,105.374,74.504,30.870,23.976,95.981,84.919,3.628,23.405257757872434,314.072,432.068,1147.940,314.427,1.516,62.559,8.246,7.587,7.39,366.564,920.305,1548.377,2062.284,2801.000,3206.129,567.913,30.815,-1.046,,
HFC_151.wav,88.464,95.48,83.69,103.512,79.345,24.167,13.452,90.289,83.432,3.207,26.014503571943493,315.615,418.843,947.227,344.314,1.559,64.942,9.942,6.532,8.27,365.195,906.218,1501.309,2004.940,2721.467,3181.153,563.192,31.073,-0.935,,
HFC_152.wav,78.746,75.46,83.25,102.106,71.184,30.922,15.766,84.314,81.955,5.152,15.908074306131125,301.658,687.233,1701.501,350.617,1.165,55.806,14.167,3.939,3.22,375.103,1010.831,1671.979,2226.662,2807.397,3297.419,584.463,29.942,-1.266,,
HFC_153.wav,90.538,80.57,74.80,106.051,74.796,31.254,24.874,75.401,72.820,3.246,22.436742378936223,349.384,508.554,1781.669,362.720,1.387,54.354,10.458,5.197,6.75,361.020,1035.800,1693.330,2233.048,2799.147,3275.409,582.878,30.023,-1.853,,
HFC_154.wav,89.237,75.02,81.08,103.523,75.022,28.501,31.294,107.737,88.406,4.868,18.159292430856098,318.730,388.357,998.688,332.076,0.924,83.647,9.196,9.096,9.77,346.017,1043.282,1544.098,2056.756,2775.256,3271.979,585.192,29.905,-1.430,,
HFC_155.wav,90.515,74.83,88.76,103.362,74.833,28.529,20.038,90.825,69.840,2.841,24.57854110516142,320.092,391.787,915.505,337.246,1.584,72.997,9.472,7.707,11.98,353.086,987.855,1497.670,2060.801,2706.983,3271.189,583.621,29.985,-1.344,,
HFC_156.wav,88.975,89.09,82.28,103.760,74.288,29.472,21.046,114.483,73.929,3.528,20.956059558372413,316.999,393.600,1092.988,327.175,1.276,76.896,8.232,9.342,12.38,354.306,1029.096,1516.016,2035.801,2768.351,3236.546,576.448,30.358,-1.425,,
HFC_157.wav,90.757,80.39,96.61,97.343,80.122,17.221,40.870,108.302,77.415,4.386,17.650530562796924,279.661,378.447,616.316,344.111,0.912,75.801,8.772,8.641,11.23,341.742,869.887,1581.822,2040.171,2727.109,3234.347,578.521,30.250,0.072,,
HFC_158.wav,90.861,82.76,82.72,109.353,81.916,27.437,69.151,91.215,77.414,3.438,22.516165357601228,324.285,378.976,977.558,327.082,1.454,113.254,10.315,10.980,12.26,341.494,974.261,1585.297,2020.067,2730.051,3272.893,586.280,29.849,-1.741,,
HFC_159.wav,88.108,81.35,85.72,98.548,79.875,18.673,27.194,114.849,73.134,3.422,21.37444969376261,289.780,390.647,831.167,362.354,1.023,71.550,9.287,7.704,10.67,333.541,932.977,1612.772,2056.503,2724.671,3285.609,590.414,29.640,-0.736,,
HFC_16.wav,88.803,95.27,82.89,104.811,71.330,33.481,27.063,97.095,89.010,4.401,20.22589558546383,316.426,368.290,552.695,342.640,1.818,68.003,10.727,6.339,8.04,340.874,1004.149,1516.698,2072.348,2765.189,3329.619,597.749,29.277,-0.227,,
HFC_160.wav,86.332,80.59,87.25,100.108,80.588,19.520,21.518,73.115,48.592,3.586,13.54921744974823,292.254,432.518,1419.620,261.169,1.115,70.132,6.724,10.430,13.00,340.499,1000.580,1614.351,2085.998,2698.460,3194.892,570.878,30.655,-1.747,,
HFC_17.wav,87.334,83.06,100.49,104.625,73.081,31.544,10.604,103.117,100.454,4.694,21.40031052598279,295.235,434.478,1173.198,305.116,2.237,65.200,10.953,5.953,6.76,341.578,1004.289,1525.680,2035.844,2888.394,3468.379,625.360,27.984,-1.175,,
HFC_18.wav,86.478,102.41,100.13,103.648,73.020,30.628,83.732,166.012,128.786,5.511,23.367369001398327,302.719,429.955,986.938,328.169,1.633,68.880,13.166,5.232,5.33,368.267,989.616,1540.148,2074.492,2840.717,3398.010,605.948,28.880,-0.736,,
HFC_19.wav,95.381,81.32,92.06,102.220,81.323,20.898,76.044,81.210,72.394,1.865,38.81098013260558,365.392,504.632,1192.807,376.520,1.072,57.370,7.927,7.237,12.86,384.026,961.212,1488.802,2045.807,2702.703,3115.589,546.313,32.033,-1.357,,
HFC_20.wav,90.894,83.98,85.76,100.206,81.536,18.670,49.522,71.469,59.708,3.707,16.10730043638408,359.317,484.064,1305.674,371.362,1.214,70.866,9.473,7.481,9.48,390.757,977.740,1535.248,2037.618,2698.152,3144.916,550.832,31.770,-1.423,,
HFC_21.wav,88.353,75.70,82.47,105.196,75.703,29.493,44.415,81.709,51.354,1.440,35.65348527428321,331.819,459.407,1587.860,332.744,1.041,74.836,10.083,7.422,12.22,349.281,1094.919,1558.397,2053.938,2760.043,3239.321,578.008,30.276,-1.907,,
HFC_22.wav,88.915,81.36,88.44,102.328,72.672,29.656,19.022,110.030,79.509,3.597,22.101884846278423,343.402,489.053,1382.011,374.945,1.251,65.745,7.994,8.224,12.40,357.069,1045.022,1563.663,2060.810,2777.169,3238.540,576.294,30.366,-1.415,,
HFC_23.wav,87.072,85.08,88.00,102.146,71.147,30.999,43.662,105.956,94.089,3.453,27.250524980438563,363.092,582.787,1203.908,373.904,1.448,59.824,10.704,5.589,10.62,420.332,942.410,1538.547,2013.198,2685.935,3126.685,541.271,32.331,-1.039,,
HFC_24.wav,89.787,76.25,81.64,103.067,75.627,27.440,20.167,87.191,67.928,4.108,16.533837347781645,328.592,401.425,948.855,359.657,0.974,73.192,7.703,9.501,12.06,349.737,1031.975,1587.021,2198.325,2846.617,3410.633,612.179,28.586,-1.178,,
HFC_25.wav,86.223,74.17,86.42,104.447,74.168,30.280,17.034,83.948,75.712,3.759,20.139294786878832,297.820,399.938,1041.601,340.331,1.596,53.896,10.338,5.213,12.30,336.522,934.209,1487.535,2022.884,2731.677,3286.563,590.008,29.661,-0.907,,
HFC_26.wav,92.833,88.34,86.18,97.642,84.359,13.282,66.846,49.277,36.483,2.029,17.984826880632063,352.772,391.036,547.918,363.233,1.232,66.722,7.708,8.656,17.29,366.921,892.777,1516.653,2085.432,2727.013,3191.622,564.940,30.977,-0.682,,
HFC_27.wav,88.907,84.32,86.03,102.396,70.535,31.861,11.855,114.360,101.684,5.071,20.05131182739893,293.353,452.144,1281.499,361.521,1.380,50.735,6.882,7.372,13.08,343.406,1048.382,1471.738,2056.841,2625.432,3243.752,580.069,30.169,-1.285,,
HFC_28.wav,87.657,108.35,85.04,108.348,81.751,26.597,15.226,84.663,64.307,5.644,11.392972024346754,382.270,1127.613,1901.340,1669.393,0.709,50.813,8.467,6.002,9.07,403.196,1045.916,1690.837,2121.657,2748.712,3346.424,588.646,29.729,-1.238,,
HFC_29.wav,83.019,91.92,76.81,106.469,71.832,34.637,23.368,63.344,45.639,4.192,10.887909768640274,303.205,785.567,1468.407,290.634,1.670,54.742,9.881,5.540,8.38,405.264,1047.738,1705.391,2154.417,2787.176,3368.014,592.550,29.533,-1.241,,
HFC_30.wav,93.083,83.09,96.93,105.019,83.092,21.927,12.393,110.324,94.442,5.040,18.73928758164668,284.026,412.584,1175.572,262.592,0.992,77.436,6.048,12.804,9.84,358.123,1005.035,1571.443,2181.060,2835.873,3316.514,591.678,29.577,-1.577,,
HFC_31.wav,90.751,81.76,78.19,105.271,78.189,27.082,26.077,89.695,66.826,3.442,19.41310931272448,336.116,495.660,1348.941,347.054,1.017,68.549,11.310,6.061,10.10,402.519,1071.113,1571.178,2059.753,2797.041,3239.638,567.424,30.841,-1.200,,
HFC_32.wav,92.048,82.50,82.25,107.027,81.154,25.873,21.296,95.709,73.350,3.414,21.487095383051503,360.213,651.215,1698.642,360.451,1.904,69.886,9.716,7.193,8.80,375.640,1060.777,1603.307,2062.326,2733.995,3254.948,575.861,30.389,-1.656,,
HFC_33.wav,90.108,71.92,87.16,106.194,71.920,34.274,40.380,79.817,60.369,2.798,21.576564749279715,319.704,373.405,692.469,341.732,1.251,52.793,8.394,6.290,12.28,317.906,1073.945,1578.384,2108.050,2804.001,3325.916,601.602,29.089,-0.850,,
HFC_34.wav,97.665,83.68,98.59,108.030,83.683,24.347,52.626,143.570,107.354,2.741,39.16367752660067,316.718,548.051,1692.507,328.965,0.912,57.228,8.224,6.959,11.58,336.354,1117.108,1706.667,2053.282,2797.028,3275.039,587.737,29.775,-1.793,,
HFC_35.wav,89.576,85.10,78.00,100.415,77.999,22.415,34.445,51.728,32.970,3.037,10.854857883031968,319.834,573.345,1245.769,366.094,1.152,61.547,8.244,7.466,11.43,358.568,900.794,1599.335,2048.751,2711.099,3195.976,567.482,30.838,-1.263,,
HFC_36.wav,89.230,91.90,82.85,105.312,78.122,27.190,13.058,87.640,68.299,3.823,17.86346945098506,339.729,474.718,1570.066,358.128,1.177,59.151,8.072,7.328,12.45,347.343,1020.085,1642.979,2058.830,2731.708,3238.404,578.212,30.266,-1.970,,
HFC_37.wav,88.733,100.18,85.47,100.816,80.014,20.803,7.393,80.736,70.438,3.572,19.718180903075506,323.185,511.467,1612.655,334.887,0.980,58.467,9.696,6.030,12.35,363.097,1138.265,1648.889,2086.466,2729.364,3241.859,575.753,30.395,-1.884,,
HFC_38.wav,90.599,99.55,82.76,106.403,78.194,28.209,30.996,85.944,49.198,2.415,20.372548320281403,321.753,379.168,910.863,336.342,1.035,89.202,9.177,9.721,15.10,336.560,1007.776,1597.299,2059.899,2694.734,3274.766,587.641,29.780,-1.477,,
HFC_39.wav,87.930,72.68,87.25,104.671,72.677,31.994,22.591,103.718,86.245,5.470,15.766520918811858,295.371,386.395,821.121,348.322,1.097,61.769,11.396,5.420,8.72,345.536,869.716,1566.023,2068.824,2800.219,3285.957,588.084,29.758,-0.556,,
HFC_40.wav,87.786,88.35,86.13,105.192,76.330,28.862,12.011,87.377,77.819,4.226,18.414352511347175,310.384,364.996,533.446,344.034,1.183,90.415,8.029,11.261,11.59,357.524,891.794,1554.318,2064.030,2737.165,3247.839,578.063,30.274,-0.138,,
HFC_41.wav,89.259,88.15,88.52,105.254,81.970,23.283,21.214,82.418,59.507,3.796,15.67618284876296,288.677,362.395,549.965,355.199,1.054,70.089,9.015,7.774,11.51,352.615,897.096,1535.468,2084.996,2678.240,3227.849,575.047,30.432,-0.270,,
HFC_42.wav,87.094,82.63,84.76,103.822,80.095,23.727,27.056,62.147,41.144,3.304,12.451743037444759,277.129,392.526,1126.725,337.473,1.362,52.294,9.913,5.275,12.35,327.383,987.008,1569.842,2073.738,2702.449,3222.215,578.966,30.226,-1.400,,
HFC_43.wav,90.227,79.48,78.37,102.857,78.370,24.487,13.746,89.695,70.861,3.958,17.903032976453648,322.966,495.159,1147.184,374.924,1.516,59.783,7.256,8.239,9.86,396.328,932.523,1508.836,1971.716,2605.292,3101.283,540.991,32.348,-0.961,,
HFC_44.wav,90.132,80.51,88.05,103.477,77.327,26.150,17.929,94.478,74.579,3.175,23.48902179396862,326.263,436.446,1099.173,361.935,1.417,76.637,5.292,14.482,12.83,369.305,932.511,1513.967,1983.305,2676.957,3193.198,564.778,30.986,-1.162,,
HFC_45.wav,94.754,91.16,86.56,106.677,83.568,23.109,21.933,127.695,118.769,4.711,25.20927385553525,385.812,1028.259,2027.824,338.707,0.955,42.124,6.805,6.190,7.45,402.750,1127.882,1772.300,2250.159,2880.415,3338.215,587.093,29.808,-1.336,,
HFC_46.wav,89.531,78.21,73.21,104.923,73.211,31.713,27.138,83.682,73.891,3.761,19.644332358594664,319.353,364.058,465.204,341.407,0.930,69.606,10.210,6.818,13.08,348.588,915.419,1504.701,2011.054,2760.268,3265.961,583.475,29.993,-0.151,,
HFC_47.wav,90.314,81.79,87.81,104.668,81.788,22.880,29.314,67.654,50.126,1.955,25.63777670957326,329.300,364.605,461.391,344.674,1.023,72.303,10.265,7.044,12.41,353.235,931.520,1537.586,2074.865,2807.701,3326.931,594.739,29.425,-0.230,,
HFC_48.wav,90.128,76.92,85.60,103.274,76.921,26.353,26.621,111.297,65.121,2.881,22.60563894341014,341.848,430.713,1343.284,351.237,1.041,65.054,8.162,7.970,11.00,351.978,1063.696,1570.184,2052.652,2734.761,3214.878,572.580,30.563,-1.574,,
HFC_49.wav,90.967,77.11,84.47,104.512,77.113,27.399,32.095,88.746,69.196,2.279,30.359819390644997,336.803,476.604,1403.668,334.849,1.097,64.889,8.661,7.492,10.86,361.830,1072.727,1530.107,2026.226,2728.804,3206.988,569.032,30.754,-1.470,,
HFC_50.wav,93.122,80.61,84.36,102.450,80.611,21.839,63.334,122.699,94.373,2.989,31.56965573929572,324.997,535.417,1043.183,377.972,1.171,66.602,8.541,7.798,8.79,385.977,948.409,1489.240,2030.420,2709.744,3199.528,562.710,31.099,-0.899,,
HFC_51.wav,90.588,76.78,78.37,100.811,76.668,24.143,54.475,108.723,84.577,3.545,23.858523809940948,329.938,501.868,1142.649,375.238,1.269,58.385,7.484,7.802,12.17,360.703,981.533,1488.182,2002.712,2674.785,3191.695,566.198,30.908,-1.144,,
HFC_52.wav,89.434,77.41,81.21,101.757,76.587,25.170,17.367,77.765,55.063,3.528,15.608136066323572,286.489,391.071,948.026,370.276,1.417,54.111,8.114,6.669,12.83,329.488,955.247,1526.375,2012.711,2711.416,3216.965,577.495,30.303,-1.379,,
HFC_53.wav,87.680,102.40,74.14,104.317,74.142,30.175,20.169,67.621,33.760,1.261,26.766859313420554,270.755,438.129,861.454,799.352,1.189,53.059,7.988,6.642,13.19,325.742,910.173,1544.700,2043.001,2788.881,3260.666,586.985,29.813,-0.626,,
HFC_54.wav,84.104,79.91,75.35,102.928,71.044,31.884,73.297,119.403,97.912,3.967,24.682832491852125,333.257,476.112,940.521,397.560,1.387,59.335,8.294,7.154,13.04,387.206,862.423,1522.657,1972.032,2621.247,3203.170,563.193,31.073,-0.566,,
HFC_55.wav,90.371,79.24,87.83,106.727,79.244,27.483,30.163,114.547,80.240,3.048,26.32957948099299,307.937,515.619,1009.683,330.736,1.313,70.053,6.476,10.817,10.30,373.416,947.858,1548.052,2030.061,2691.581,3277.265,580.770,30.132,-0.740,,
HFC_56.wav,96.463,80.66,81.68,104.497,78.477,26.020,59.196,85.283,69.546,1.683,41.31271250798421,335.761,546.565,991.600,816.746,1.485,53.713,7.744,6.936,13.66,400.480,904.050,1494.697,1974.433,2652.571,3192.357,558.375,31.341,-0.584,,
HFC_57.wav,85.607,72.86,79.21,101.553,72.864,28.690,32.384,90.942,61.316,2.422,25.315347438198362,303.857,407.586,980.294,342.817,1.239,66.537,9.688,6.868,10.14,362.021,934.602,1537.224,2042.436,2808.466,3335.321,594.660,29.429,-1.032,,
HFC_58.wav,91.714,107.67,101.93,107.859,78.210,29.650,94.224,105.294,98.846,3.716,26.597658083657546,290.987,455.480,919.404,342.156,1.614,56.907,9.910,5.742,10.05,348.858,808.666,1527.803,2047.107,2712.844,3276.722,585.573,29.885,-0.922,,
HFC_59.wav,89.416,80.36,83.14,103.227,78.615,24.612,26.629,97.643,59.918,3.401,17.61695577875864,338.410,495.853,1557.681,339.369,1.029,68.865,8.260,8.337,11.94,393.840,1029.666,1638.341,2099.586,2841.358,3258.116,572.855,30.549,-1.674,,
HFC_60.wav,92.350,74.05,89.52,107.425,73.950,33.474,35.061,86.229,57.368,3.030,18.932289291771777,333.446,518.367,1610.096,336.426,1.485,70.280,10.100,6.958,9.71,366.294,1021.352,1632.705,2123.248,2859.517,3353.484,597.438,29.292,-1.875,,
HFC_61.wav,87.009,74.20,82.11,103.030,74.197,28.833,21.670,93.980,77.834,3.823,20.35768078533282,299.166,365.819,544.324,351.155,1.177,79.743,8.921,8.939,13.18,356.357,896.330,1609.993,2121.346,2829.155,3357.777,600.284,29.153,0.387,,
HFC_62.wav,98.994,77.92,77.75,106.671,77.748,28.922,73.190,49.588,33.550,2.318,14.471653688452218,314.887,441.316,1759.233,316.644,1.510,80.371,6.955,11.556,12.08,341.282,1099.339,1635.051,2147.848,2829.205,3293.031,590.350,29.643,-1.774,,
HFC_63.wav,87.986,98.06,81.51,101.623,76.804,24.820,30.258,126.243,42.023,2.687,15.640430552104045,315.809,436.622,1403.660,366.521,0.930,61.357,8.598,7.136,10.05,339.223,1029.741,1575.592,2046.769,2769.585,3258.189,583.793,29.976,-1.623,,
HFC_64.wav,90.247,79.76,80.49,106.835,79.755,27.080,37.638,81.212,52.553,3.191,16.469817046896484,315.334,379.868,995.232,321.940,1.097,85.896,9.573,8.973,12.69,338.208,1028.775,1648.970,2104.543,2791.778,3300.863,592.531,29.534,-1.842,,
HFC_65.wav,85.673,71.40,89.77,103.424,71.396,32.028,26.480,86.169,65.282,2.549,25.611534819519605,289.089,426.946,1273.084,338.364,1.177,75.931,8.072,9.407,10.34,331.311,1030.200,1558.952,2093.445,2797.247,3265.184,586.775,29.824,-1.604,,
HFC_66.wav,89.819,84.68,83.85,103.348,77.412,25.936,16.275,93.617,80.448,5.004,16.07586430562516,311.625,450.184,1052.697,278.254,1.399,49.143,10.723,4.583,9.25,366.368,878.222,1493.973,2058.343,2729.531,3179.012,562.529,31.110,-1.117,,
HFC_67.wav,91.199,98.98,87.02,105.128,85.501,19.627,13.165,63.569,49.940,4.625,10.798738168367105,301.040,393.025,725.353,366.196,1.189,65.681,7.988,8.223,15.99,348.538,925.136,1517.290,2009.974,2697.945,3238.422,577.977,30.278,-0.720,,
HFC_68.wav,89.308,96.23,90.50,106.162,79.176,26.986,24.870,79.433,67.096,5.265,12.7441532350482,311.668,416.894,948.518,364.691,1.614,64.268,9.291,6.917,14.66,362.740,923.145,1547.426,1985.655,2709.672,3279.559,583.364,29.998,-1.063,,
HFC_69.wav,90.968,88.24,84.03,103.101,84.032,19.069,15.183,83.933,63.319,4.558,13.89044221855051,326.467,404.701,812.419,365.612,1.097,72.293,12.308,5.874,11.23,354.747,927.595,1528.820,2046.602,2682.889,3159.384,560.927,31.198,-0.850,,
HFC_70.wav,82.642,80.05,89.98,99.568,73.246,26.322,26.466,115.816,72.397,2.108,34.35070523446475,300.206,409.130,1090.897,359.313,0.949,65.506,6.850,9.563,14.95,320.074,997.471,1609.822,2098.398,2684.181,3235.233,583.032,30.016,-1.290,,
HFC_71.wav,90.836,78.02,79.78,106.580,78.025,28.556,39.106,78.898,53.411,1.383,38.61746606712248,340.938,451.134,1674.349,340.348,1.085,71.407,7.837,9.111,13.71,355.386,1084.724,1581.893,2124.405,2822.414,3240.870,577.097,30.324,-1.939,,
HFC_72.wav,91.766,86.88,82.90,101.279,81.072,20.207,16.932,90.069,63.593,3.401,18.69793012739421,308.601,446.493,1167.143,288.002,1.029,75.372,8.260,9.125,10.25,343.804,1001.311,1562.326,2029.708,2762.804,3202.359,571.711,30.610,-1.658,,
HFC_73.wav,92.144,74.06,101.28,105.572,74.063,31.508,29.061,87.283,53.615,2.049,26.166490603352564,338.180,388.971,669.622,346.621,1.220,74.831,6.967,10.741,16.86,356.237,997.628,1554.802,2023.992,2768.058,3258.565,580.466,30.148,-1.169,,
HFC_74.wav,91.649,80.53,86.55,105.156,80.533,24.623,36.759,62.933,44.163,2.158,20.46513118610185,352.019,379.702,513.077,351.296,1.159,81.962,9.063,9.043,16.42,363.485,950.813,1560.788,2016.085,2735.253,3255.167,578.336,30.259,-0.772,,
HFC_75.wav,89.010,103.05,72.81,104.002,72.807,31.195,14.654,57.533,37.695,2.305,16.353084634485402,347.587,424.239,1301.894,348.846,1.085,64.599,6.915,9.342,15.81,358.021,998.306,1580.811,1970.034,2763.554,3212.002,570.796,30.659,-1.899,,
HFC_76.wav,91.657,80.55,79.32,102.129,79.323,22.805,24.132,94.523,53.338,1.607,33.196545507437015,343.301,412.566,808.343,370.017,1.245,76.328,6.829,11.178,12.98,360.664,943.465,1538.168,1994.446,2722.454,3228.031,573.473,30.516,-1.032,,
HFC_77.wav,94.691,97.63,81.41,105.679,81.415,24.265,31.421,88.332,69.853,5.040,13.860414963033373,323.885,549.636,1773.517,329.525,0.992,75.847,8.064,9.406,10.85,348.036,1076.379,1635.967,2045.504,2913.174,3299.899,590.373,29.642,-1.841,,
HFC_78.wav,90.150,102.15,86.29,102.150,81.098,21.052,19.936,57.619,27.626,1.736,15.917054908862909,344.315,408.168,985.258,358.543,1.152,74.735,6.943,10.765,15.65,358.608,995.299,1597.941,2008.442,2693.831,3244.997,577.278,30.315,-1.451,,
HFC_79.wav,92.553,84.11,81.38,107.587,81.382,26.206,35.529,92.031,54.211,2.012,26.947226240870084,339.940,467.692,1575.653,340.358,1.491,72.118,8.718,8.273,13.13,357.571,1062.291,1646.110,2050.426,2791.481,3294.195,587.325,29.796,-1.775,,
HFC_80.wav,91.582,71.48,100.54,107.210,71.477,35.733,60.744,89.470,87.204,2.576,33.85457472029749,291.154,484.708,1746.726,323.724,1.165,57.153,12.021,4.755,5.42,344.866,1059.647,1640.664,2163.958,2794.400,3318.851,594.797,29.422,-1.835,,
HFC_81.wav,89.049,77.35,83.01,105.332,77.346,27.985,22.209,106.080,89.924,4.226,21.278699273756892,268.745,362.294,562.903,370.454,1.183,55.804,8.875,6.288,11.16,355.463,936.218,1527.676,2039.028,2732.177,3218.120,572.531,30.566,-0.142,,
HFC_82.wav,92.443,84.58,104.02,104.015,84.577,19.439,89.411,69.900,19.468,0.541,35.989222182697915,346.813,424.142,1007.145,362.312,0.924,76.887,6.491,11.845,14.97,357.116,965.423,1504.130,2063.780,2753.457,3149.736,558.524,31.333,-1.253,,
HFC_83.wav,87.188,102.33,100.44,102.330,70.800,31.530,3.890,134.034,124.270,4.035,30.801157080276653,338.878,571.291,1283.812,335.576,1.115,70.665,9.414,7.506,10.08,404.213,950.689,1546.827,2030.160,2684.603,3176.653,554.488,31.561,-1.198,,
HFC_84.wav,87.796,81.01,94.68,102.354,71.146,31.207,75.597,117.962,97.406,3.231,30.144985637518932,334.817,600.745,1214.323,337.879,1.393,64.802,6.822,9.500,11.05,398.016,950.128,1530.299,2009.219,2653.948,3163.070,553.011,31.645,-1.063,,
HFC_85.wav,89.425,78.62,83.91,105.348,76.008,29.340,23.945,121.383,103.676,4.182,24.78826697495711,342.096,474.311,1319.264,360.481,1.195,72.691,6.692,10.862,11.63,350.920,1015.879,1564.274,2001.392,2698.412,3183.477,566.511,30.891,-1.403,,
HFC_86.wav,95.168,82.05,80.09,106.466,80.085,26.381,23.252,60.644,39.894,2.176,18.331939052121953,354.979,488.014,1343.042,349.970,1.608,59.147,9.637,6.137,13.58,371.703,1040.707,1562.983,2048.109,2735.937,3205.739,566.807,30.875,-1.457,,
HFC_87.wav,91.206,102.34,74.23,104.789,74.227,30.562,10.536,62.011,42.093,3.947,10.663487404420945,360.340,517.070,2119.292,355.915,1.140,52.923,6.579,8.044,14.96,353.630,1073.798,1754.165,2218.498,2877.579,3331.322,595.539,29.385,-2.337,,
HFC_88.wav,86.713,96.24,83.74,103.984,74.029,29.956,17.853,114.418,84.111,3.203,26.260570486637096,334.238,513.932,1556.637,362.099,0.937,66.889,8.007,8.353,10.45,370.587,1019.229,1548.660,2050.298,2753.551,3147.006,555.284,31.515,-1.596,,
HFC_89.wav,88.702,78.96,83.36,108.119,75.726,32.394,22.754,104.377,93.466,3.939,23.729335355554845,321.590,504.034,1430.432,335.671,1.269,75.991,10.241,7.420,10.56,354.058,974.392,1642.048,2093.269,2837.519,3266.276,582.444,30.046,-1.700,,
HFC_90.wav,92.410,86.71,86.03,105.510,86.026,19.484,27.678,64.669,57.811,4.453,12.983029183780523,346.411,873.161,1935.524,347.460,1.011,68.261,9.400,7.261,7.50,365.659,1059.218,1743.712,2168.417,2882.139,3388.205,604.509,28.949,-1.589,,
HFC_91.wav,100.517,77.83,102.66,108.930,77.828,31.102,48.783,66.419,55.604,1.159,47.96930997004523,316.394,347.449,567.857,319.930,0.863,76.008,8.694,8.743,14.68,335.338,1066.635,1684.664,2174.145,2889.360,3324.979,597.928,29.268,-0.524,,
HFC_92.wav,92.218,87.92,91.44,105.788,83.775,22.013,25.902,86.282,65.011,2.568,25.318528832334312,326.811,410.645,1360.021,344.950,0.974,74.724,9.757,7.658,14.49,355.583,1041.333,1594.401,2142.395,2822.192,3212.151,571.313,30.631,-2.239,,
HFC_93.wav,94.230,85.40,80.29,99.798,80.286,19.512,45.236,65.329,49.604,1.917,25.880373246647213,311.393,533.761,1845.439,301.848,0.783,82.903,10.222,8.110,8.10,343.338,1089.737,1646.568,2125.790,2944.875,3355.071,602.347,29.053,-1.625,,
HFC_94.wav,101.494,102.53,102.23,108.594,83.022,25.572,21.525,122.130,108.055,2.590,41.725834470456675,325.304,469.307,1906.538,321.202,0.579,75.412,7.769,9.707,13.51,335.679,985.657,1666.456,2065.558,2831.635,3234.599,579.784,30.184,-2.299,,
HFC_95.wav,89.924,77.53,74.87,106.878,74.869,32.009,35.278,84.001,63.718,2.386,26.69960049549885,328.609,390.462,1091.788,335.344,1.048,87.274,7.637,11.428,13.49,342.721,1012.970,1610.835,2078.416,2820.467,3228.487,577.153,30.321,-2.044,,
HFC_96.wav,94.213,81.55,101.20,102.647,77.469,25.178,71.768,59.847,37.964,0.845,44.91605427434011,305.835,445.528,1656.135,299.504,1.183,48.959,8.452,5.792,10.68,342.548,1127.138,1709.908,2150.019,2894.624,3339.956,599.482,29.192,-2.028,,
HFC_97.wav,91.402,78.59,104.31,105.677,78.593,27.084,38.999,124.519,84.712,3.203,26.448195653136597,326.557,365.868,696.112,326.328,0.937,85.635,10.143,8.443,15.09,335.723,1016.634,1630.765,2141.430,2861.836,3269.023,586.660,29.830,-1.499,,
HFC_98.wav,97.607,85.80,76.87,107.218,76.873,30.345,72.211,92.650,90.860,6.218,14.613261957982292,284.100,378.508,876.354,307.908,1.608,59.038,11.814,4.997,6.57,335.722,1096.271,1622.242,2206.057,3098.269,3527.807,638.417,27.412,-1.273,,
HFC_99.wav,91.530,87.48,81.47,99.406,81.471,17.935,41.435,89.004,82.896,2.484,33.37272783363824,312.157,427.397,1490.264,345.326,0.604,86.307,6.624,13.030,6.06,355.971,1008.778,1689.719,2178.610,2895.150,3416.808,612.167,28.587,-1.992,,