file, Mean F0 (Hz),Start F0 (Hz),End F0 (Hz),Max F0 (Hz),Min F0 (Hz),Range F0 (Hz),Time max F0 (%),F0 Abs Slope,F0 var (Hz/s),FM Rate (s-1),FM Extent (Hz),Q25% (Hz),Q50% (Hz),Q75% (Hz),Fpeak (Hz),Sound duration (s), AM var (dB/s), AM rate (s-1), AM extent (dB),Harmonicity, F1 mean (Hz),F2 mean (Hz),F3 mean (Hz),F4 mean (Hz),F5 mean (Hz),F6 mean (Hz),formant dispersal (Hz),vocal tract length (cm),mean wiener entropy,Comment,
HFC_01.wav,86.734,73.23,77.56,100.421,73.227,27.194,44.427,113.319,64.450,1.008,63.94688757936204,200.267,322.798,577.781,230.810,0.992,37.678,3.528,10.681,15.33,280.038,1150.242,1808.155,2273.024,2929.707,3368.199,617.632,28.334,-0.805,,
HFC_02.wav,88.369,71.34,89.77,103.805,71.339,32.466,26.447,76.838,69.726,2.778,25.101821518987236,225.573,323.941,489.212,226.465,1.080,26.957,6.018,4.479,21.50,309.805,1082.469,1660.785,2209.676,2841.484,3285.524,595.144,29.405,-0.401,,
HFC_03.wav,79.537,71.06,79.40,82.267,71.064,11.203,76.586,25.368,11.209,0.900,12.450854656734364,309.844,420.170,2203.195,320.777,1.111,47.179,2.701,17.468,18.22,318.089,1241.368,1857.923,2405.529,2992.663,3406.638,617.710,28.330,-3.075,,
HFC_04.wav,90.724,70.92,83.01,102.047,70.920,31.128,78.354,51.294,25.666,1.203,21.33417473900524,274.044,446.856,1743.241,300.571,1.247,34.504,7.619,4.529,15.11,303.907,1173.648,1827.065,2272.306,2929.107,3312.120,601.643,29.087,-2.367,,
HFC_05.wav,87.563,71.79,82.87,105.519,71.788,33.731,49.796,166.175,100.205,1.231,81.38612289316855,225.668,312.166,480.229,325.314,0.812,29.559,4.309,6.859,16.28,270.825,1113.242,1780.907,2275.632,2916.546,3324.189,610.673,28.657,-0.450,,
HFC_06.wav,89.067,70.61,107.38,108.356,70.609,37.747,92.799,71.330,34.113,0,--undefined--,268.818,552.363,2541.331,319.167,0.760,27.883,4.608,6.051,14.82,280.117,1150.771,1865.536,2392.379,2985.487,3370.437,618.064,28.314,-2.915,,
HFC_07.wav,90.706,71.49,78.82,107.534,71.491,36.044,36.811,88.253,58.083,1.518,38.25024847955214,261.976,339.409,377.877,350.754,0.988,38.778,6.580,5.893,18.43,338.773,935.324,1737.927,2281.452,2929.417,3400.962,612.438,28.574,-0.083,,
HFC_08.wav,91.593,72.83,84.72,105.455,72.832,32.623,27.449,63.216,50.646,2.263,22.3834597294674,307.685,354.961,394.156,347.317,1.326,38.526,6.411,6.010,21.95,347.312,815.295,1469.246,2053.091,2688.465,3220.541,574.646,30.454,-0.840,,
HFC_09.wav,85.296,73.57,85.85,94.513,73.573,20.940,71.483,105.800,99.580,6.749,14.755244270763995,240.297,336.930,442.593,351.971,0.593,42.103,9.280,4.537,8.79,354.705,1150.193,1604.319,2345.727,2989.594,3483.632,625.786,27.965,0.367,,
HFC_10.wav,91.139,77.37,71.67,96.626,71.672,24.953,59.976,41.592,35.834,4.092,8.757553813297799,260.340,355.645,439.836,359.228,1.466,44.059,13.980,3.152,10.19,364.395,998.087,1576.499,2217.506,2842.614,3380.740,603.269,29.009,0.210,,
HFC_11.wav,93.181,74.13,92.31,96.606,74.131,22.475,19.978,63.849,59.733,3.755,15.909371977392416,335.444,411.330,825.741,377.034,0.799,41.143,6.883,5.977,14.22,376.953,1018.968,1527.763,2070.585,2720.251,3196.386,563.887,31.035,-1.034,,
HFC_12.wav,93.947,90.28,99.83,99.833,90.266,9.567,96.931,29.137,16.746,2.920,5.734606430287196,347.664,373.212,392.375,369.982,0.514,41.541,0.973,42.677,19.00,365.686,719.970,1487.193,2108.334,2769.444,3273.059,581.474,30.096,-0.598,,
HFC_13.wav,101.514,88.93,97.02,108.089,88.454,19.635,77.996,70.553,66.245,4.952,13.378250929020101,303.981,358.045,605.091,320.029,0.505,58.651,7.923,7.403,10.84,358.973,1120.439,1677.104,2279.216,2958.040,3509.031,630.012,27.777,-0.094,,
HFC_14.wav,88.882,74.24,83.06,104.859,73.585,31.274,30.915,91.319,87.915,3.434,25.602950350457593,304.542,356.819,401.140,356.698,0.874,46.198,8.012,5.766,15.21,337.955,897.516,1593.266,2149.098,2944.065,3442.546,620.918,28.184,0.243,,
HFC_15.wav,89.074,73.41,85.03,103.257,73.407,29.851,40.421,112.321,90.879,1.837,49.47301305127481,290.394,363.540,458.902,360.347,0.817,60.756,6.735,9.020,11.24,360.365,1115.320,1780.937,2326.352,2926.005,3369.759,601.879,29.076,-0.013,,
HFC_16.wav,93.499,91.83,90.52,103.239,73.219,30.021,13.915,109.951,101.835,4.506,22.59805683243781,334.613,431.057,1179.800,366.532,1.220,54.949,7.784,7.059,12.30,377.075,1061.630,1589.680,2111.432,2748.810,3240.732,572.731,30.555,-1.816,,
HFC_17.wav,81.761,74.50,73.53,101.533,71.783,29.750,83.320,64.346,62.642,3.609,17.356648828197773,275.312,361.392,529.937,383.676,1.247,54.873,14.035,3.910,7.33,371.911,1082.573,1720.005,2407.875,3102.098,3523.944,630.407,27.760,0.484,,
HFC_18.wav,91.184,85.61,72.94,96.797,72.938,23.859,31.867,33.914,33.125,3.759,8.812881050191047,282.192,364.051,476.450,367.289,1.330,47.065,8.645,5.444,8.99,357.401,917.509,1615.527,2287.502,3000.853,3445.708,617.661,28.333,0.111,,
HFC_19.wav,97.156,101.15,83.88,106.898,83.878,23.019,78.991,56.186,46.401,1.255,36.97418787878496,316.636,388.116,449.685,392.921,1.594,47.117,9.412,5.006,17.17,378.144,757.514,1610.190,2265.657,2918.710,3390.624,602.496,29.046,0.081,,
HFC_20.wav,88.711,100.60,75.93,107.318,75.933,31.385,15.973,63.761,62.465,3.254,19.196780662489733,280.327,379.274,864.780,347.531,1.537,43.401,6.508,6.669,12.78,349.749,899.056,1511.793,2140.935,2993.543,3499.912,630.032,27.776,-0.985,,
HFC_21.wav,91.073,87.09,96.73,107.319,81.683,25.636,40.479,57.558,46.934,2.336,20.089888159882815,261.648,296.364,518.074,257.191,1.712,53.908,10.221,5.274,15.17,317.080,1139.061,1723.341,2206.676,2883.047,3452.486,627.081,27.907,0.229,,
HFC_22.wav,96.149,106.04,80.61,106.042,80.605,25.437,2.241,122.484,115.302,5.878,19.6157756367783,307.336,497.751,2609.342,325.073,0.680,61.777,9.552,6.468,6.80,356.429,1193.876,1917.503,2344.079,3049.937,3444.774,617.669,28.332,-2.296,,
HFC_23.wav,85.178,95.13,88.50,95.130,70.705,24.425,1.995,81.014,74.381,2.649,28.083342827846607,275.706,317.495,689.105,274.645,0.755,33.141,4.635,7.150,16.09,299.574,962.796,1652.688,2240.641,2870.150,3342.926,608.670,28.751,-1.209,,
HFC_24.wav,81.480,71.42,72.14,86.211,71.418,14.793,73.517,32.987,12.112,0,--undefined--,428.387,2682.261,8832.809,314.411,1.212,84.055,8.253,10.185,0.46,340.548,1107.964,1662.950,2236.365,2944.583,3427.378,617.366,28.346,-5.554,,
HFC_25.wav,90.035,91.26,78.92,107.102,75.055,32.047,30.588,71.037,55.735,2.749,20.27453320458084,303.328,359.056,591.362,335.992,2.546,50.675,11.192,4.528,13.26,335.066,1239.266,1802.411,2342.858,2949.858,3447.557,622.498,28.113,-0.015,,
HFC_26.wav,91.794,88.98,90.37,96.313,88.432,7.881,82.953,27.568,24.566,5.266,4.664614300934392,370.568,579.543,1784.824,370.982,0.760,43.611,7.241,6.023,14.58,376.498,1117.664,1706.154,2072.922,2783.705,3248.336,574.368,30.468,-2.140,,
HFC_27.wav,86.806,85.79,82.47,90.405,82.100,8.304,62.360,30.217,29.047,4.556,6.3761532037092445,262.241,363.037,2325.209,255.406,0.768,57.470,5.206,11.039,15.13,290.999,892.749,1677.961,2212.012,3024.563,3461.843,634.169,27.595,-3.881,,
HFC_28.wav,91.678,101.27,83.91,108.000,82.611,25.389,11.743,61.634,58.536,2.795,20.945020352760352,325.871,355.221,381.022,347.885,0.716,51.322,6.288,8.162,22.26,348.612,847.178,1653.603,2251.463,2881.438,3306.267,591.531,29.584,-0.902,,
HFC_29.wav,96.737,83.07,84.97,108.114,83.067,25.047,68.346,123.834,23.504,0,--undefined--,311.971,335.715,388.282,328.490,1.010,58.080,7.427,7.820,18.78,346.278,991.559,1715.799,2264.416,2929.213,3417.606,614.265,28.489,0.030,,
HFC_30.wav,93.222,108.65,87.65,109.103,85.403,23.700,24.612,41.963,26.889,1.991,13.504992565308772,363.472,698.256,3491.010,358.761,1.256,56.558,7.566,7.475,17.01,355.862,1166.244,1803.402,2306.661,2926.993,3319.599,592.747,29.524,-2.461,,
HFC_31.wav,90.187,95.81,83.20,108.648,71.388,37.259,15.637,186.793,169.894,4.968,34.19570135910128,349.394,641.247,2424.923,381.935,1.308,56.483,11.465,4.926,3.95,372.572,1159.498,1778.557,2235.337,2841.575,3249.779,575.442,30.411,-1.784,,
HFC_32.wav,85.946,80.44,90.63,98.896,79.824,19.071,79.630,65.436,53.234,3.674,14.49017431469585,283.128,331.400,371.722,339.360,0.544,58.999,6.429,9.177,12.12,333.816,975.857,1671.829,2261.710,2929.527,3341.389,601.515,29.093,-0.405,,