file, Mean F0 (Hz),Start F0 (Hz),End F0 (Hz),Max F0 (Hz),Min F0 (Hz),Range F0 (Hz),Time max F0 (%),F0 Abs Slope,F0 var (Hz/s),FM Rate (s-1),FM Extent (Hz),Q25% (Hz),Q50% (Hz),Q75% (Hz),Fpeak (Hz),Sound duration (s), AM var (dB/s), AM rate (s-1), AM extent (dB),Harmonicity, F1 mean (Hz),F2 mean (Hz),F3 mean (Hz),F4 mean (Hz),F5 mean (Hz),F6 mean (Hz),formant dispersal (Hz),vocal tract length (cm),mean wiener entropy,Comment,
HFC_01.wav,85.835,72.70,76.24,103.686,72.433,31.253,32.820,75.313,67.290,2.324,28.949779669036914,305.946,682.289,1515.301,340.824,1.291,57.983,9.685,5.987,6.31,442.177,1110.806,1653.907,2205.337,2916.911,3330.394,577.644,30.296,-1.131,,
HFC_02.wav,85.013,72.21,105.92,106.245,72.211,34.034,29.066,93.475,56.841,2.387,23.81106569802879,314.925,513.171,1595.038,331.447,1.676,66.689,8.952,7.450,8.25,354.339,1095.701,1638.364,2104.059,2853.615,3322.214,593.575,29.482,-1.530,,
HFC_03.wav,80.865,70.79,73.60,107.662,70.788,36.874,43.258,96.232,72.415,3.099,23.36611888637502,278.788,375.222,913.869,338.439,1.291,50.639,12.397,4.085,6.49,343.999,1096.245,1631.629,2168.305,2813.135,3275.855,586.371,29.845,-1.278,,
HFC_04.wav,85.072,83.06,77.59,107.565,73.108,34.456,55.434,68.970,64.498,3.840,16.79522150050145,272.820,353.864,771.323,322.247,1.562,67.819,11.521,5.887,5.33,326.598,1055.148,1692.745,2159.628,2863.683,3366.483,607.977,28.784,-1.058,,
HFC_05.wav,94.032,90.28,93.70,99.278,78.067,21.211,71.228,74.843,40.452,3.680,10.991645581986846,324.806,427.811,983.730,386.490,1.494,43.544,12.044,3.615,14.49,370.498,936.893,1537.078,2015.955,2733.151,3162.101,558.321,31.344,-1.115,,
HFC_06.wav,90.497,103.66,100.75,106.411,76.959,29.452,31.792,58.713,34.663,4.039,8.581366777549437,327.112,444.955,1569.489,323.900,1.857,89.912,12.118,7.420,11.78,355.354,986.129,1645.764,2153.313,2848.013,3315.355,592.000,29.561,-2.235,,
HFC_07.wav,87.013,82.65,96.57,102.943,75.531,27.412,58.585,65.948,53.275,2.872,18.547221417551828,330.728,518.462,1529.130,350.815,2.785,68.507,10.053,6.814,12.98,362.170,1103.799,1619.213,2125.789,2799.408,3261.455,579.857,30.180,-1.589,,
HFC_08.wav,91.301,94.77,74.66,102.382,74.659,27.723,32.594,58.454,23.536,2.300,10.232400260881679,328.972,377.145,537.631,346.595,1.087,66.433,5.980,11.109,20.01,351.154,1005.757,1587.360,2082.611,2756.002,3224.579,574.685,30.451,-0.580,,
HFC_09.wav,89.380,82.45,72.11,100.657,72.107,28.551,21.192,61.918,39.087,1.381,28.300405030079276,347.082,371.274,444.226,349.334,1.086,58.483,7.366,7.939,18.05,359.162,913.549,1534.810,1967.621,2724.886,3286.673,585.502,29.889,-0.797,,
HFC_10.wav,93.415,84.33,75.42,106.142,75.419,30.723,10.586,67.913,61.184,1.879,32.56878143066966,344.884,496.848,1351.894,362.828,2.395,58.151,9.602,6.056,13.67,363.971,1020.462,1574.146,2040.880,2784.815,3260.212,579.248,30.212,-1.840,,
HFC_100.wav,89.047,77.31,78.43,100.121,76.375,23.746,16.885,111.187,93.778,4.745,19.764552145232848,300.091,464.593,1127.876,351.001,1.370,59.431,9.125,6.513,9.69,364.603,953.632,1557.457,2073.923,2739.250,3164.018,559.883,31.257,-1.025,,
HFC_101.wav,91.198,88.34,91.56,105.006,80.409,24.598,10.848,89.805,86.547,4.280,20.220711284943263,352.055,579.419,1058.662,330.874,1.285,61.909,11.673,5.304,9.34,406.177,899.927,1530.763,2053.224,2726.073,3195.298,557.824,31.372,-0.968,,
HFC_102.wav,86.002,82.45,100.79,105.067,77.779,27.288,38.947,97.061,92.612,3.004,30.827087408437723,288.658,375.486,1093.274,322.913,0.832,63.206,11.416,5.537,9.08,317.050,962.780,1556.020,2001.853,2800.875,3313.856,599.361,29.198,-1.257,,
HFC_103.wav,91.454,83.41,88.70,106.977,81.467,25.510,25.654,109.661,101.322,4.438,22.828079291973086,319.064,451.899,1560.906,324.692,1.127,62.471,7.989,7.819,9.64,378.140,1005.874,1626.087,2067.839,2866.187,3296.009,583.574,29.988,-1.635,,
HFC_104.wav,93.890,90.08,81.56,107.133,80.568,26.565,38.773,97.339,92.182,4.140,22.264412377179962,312.873,401.973,1213.558,320.966,0.725,79.620,4.830,16.483,10.97,339.974,971.546,1633.780,2078.811,2849.892,3306.199,593.245,29.499,-1.498,,
HFC_105.wav,92.363,93.66,75.62,102.103,74.583,27.520,13.578,125.630,121.474,5.489,22.12982167576573,328.599,526.595,1039.100,325.589,1.002,49.537,10.479,4.727,9.18,400.596,885.945,1526.873,1978.620,2632.402,3150.803,550.041,31.816,-0.776,,
HFC_106.wav,95.305,77.51,90.29,106.124,77.505,28.618,22.191,90.666,78.282,2.103,37.22494855753805,356.463,477.493,1275.187,380.592,0.951,50.755,8.938,5.679,12.00,375.811,1014.354,1590.856,2024.544,2712.769,3180.384,560.915,31.199,-1.320,,
HFC_107.wav,91.031,84.72,76.37,103.024,76.366,26.658,20.336,74.374,66.306,3.807,17.41628366491377,354.572,509.589,1179.783,361.523,1.313,43.766,8.756,4.998,12.56,402.279,901.508,1548.324,1973.297,2677.901,3187.511,557.046,31.416,-1.219,,
HFC_108.wav,90.742,72.37,102.70,107.623,72.374,35.249,39.511,88.032,78.742,3.926,20.058661636111783,326.859,500.532,1464.934,329.503,1.019,56.426,10.305,5.476,7.44,352.430,1050.207,1597.767,2009.516,2715.761,3138.640,557.242,31.405,-1.374,,
HFC_109.wav,86.989,97.34,82.71,103.692,77.365,26.326,30.060,81.127,69.071,2.573,26.848378836149024,336.536,442.099,1408.380,335.224,1.166,49.273,9.862,4.996,12.18,352.102,1000.964,1570.186,2012.900,2786.904,3249.228,579.425,30.202,-1.661,,
HFC_11.wav,92.735,86.68,77.48,106.561,77.477,29.084,18.514,72.472,52.698,4.614,11.421103391749458,331.600,469.270,1301.777,339.545,1.517,51.478,8.239,6.248,12.67,360.504,1111.420,1489.295,1984.547,2702.052,3231.219,574.143,30.480,-1.509,,
HFC_110.wav,91.840,98.68,84.54,106.634,81.315,25.318,26.440,115.487,109.869,4.990,22.017120160674736,310.892,369.608,892.802,318.709,1.002,80.234,9.980,8.039,8.57,336.703,993.935,1658.563,2164.872,2844.013,3366.410,605.941,28.881,-1.826,,
HFC_111.wav,88.444,91.58,80.84,106.900,80.681,26.220,21.033,97.672,80.647,6.075,13.274608185141961,289.763,625.871,1597.506,354.541,1.070,40.332,10.749,3.752,10.66,341.839,1155.705,1610.954,2095.839,2763.684,3183.116,568.255,30.796,-1.257,,
HFC_112.wav,91.663,73.76,84.90,102.927,73.755,29.172,55.626,81.051,74.112,2.524,29.367360785338498,308.163,507.979,1801.205,305.154,0.793,59.801,11.987,4.989,5.46,329.850,1154.031,1687.850,2191.240,2901.199,3368.722,607.774,28.794,-2.103,,
HFC_113.wav,95.323,81.63,78.91,104.157,78.909,25.248,65.070,64.496,26.408,1.682,15.696788596981435,318.386,683.482,1965.915,319.828,1.189,72.340,10.936,6.615,8.04,358.384,1180.417,1800.731,2266.671,2694.599,3341.290,596.581,29.334,-2.432,,
HFC_114.wav,84.984,84.65,88.75,91.824,78.940,12.885,43.552,67.279,40.043,4.827,8.296398552335154,274.542,377.976,739.364,353.492,1.036,72.356,9.170,7.890,8.31,348.933,819.993,1559.120,2148.124,2897.529,3426.048,615.423,28.436,-0.696,,
HFC_115.wav,91.026,94.87,83.24,100.903,80.120,20.782,12.321,58.789,57.402,4.444,12.916580635402303,272.379,378.187,606.045,371.666,1.800,42.816,12.499,3.426,11.95,356.860,878.387,1466.494,1962.578,2656.991,3238.751,576.378,30.362,-0.107,,
HFC_116.wav,93.264,91.24,82.18,104.938,82.048,22.891,80.234,66.144,62.632,3.732,16.781967073387175,337.478,393.772,621.809,366.272,1.608,64.491,10.574,6.099,10.71,361.979,965.712,1527.990,2036.091,2711.288,3218.329,571.270,30.633,-0.394,,
HFC_117.wav,87.652,89.07,73.79,103.274,73.794,29.480,17.916,88.130,68.476,5.280,12.96829888710032,311.672,516.993,1328.982,355.987,1.042,54.058,11.041,4.896,10.23,372.850,1034.511,1549.981,2093.184,2773.046,3192.147,563.859,31.036,-1.213,,
HFC_118.wav,92.808,93.08,84.72,100.366,81.737,18.629,61.473,57.462,48.282,5.391,8.956309119918924,344.529,470.897,1094.249,365.089,1.206,51.403,12.026,4.274,11.37,364.987,934.697,1497.225,2037.396,2659.731,3092.098,545.422,32.085,-1.201,,
HFC_119.wav,87.697,87.36,80.30,104.521,78.602,25.919,24.376,90.097,87.163,5.988,14.555805873144656,315.440,585.268,2823.786,337.569,1.002,73.954,13.473,5.489,7.81,345.016,920.934,1618.515,2011.981,2784.172,3270.086,585.014,29.914,-2.495,,
HFC_12.wav,81.961,77.66,83.61,98.809,73.635,25.174,8.268,81.370,78.372,5.805,13.499633911360977,266.910,373.095,707.659,355.812,1.206,54.121,13.684,3.955,6.44,342.673,949.516,1596.765,2077.797,2858.498,3351.572,601.780,29.080,-0.508,,
HFC_120.wav,86.233,93.19,87.34,103.403,73.511,29.892,33.138,100.573,95.998,5.110,18.786914064475404,270.107,351.584,557.794,346.596,1.370,78.425,12.045,6.511,5.55,331.703,953.690,1638.477,2096.941,2820.963,3370.177,607.695,28.797,-0.199,,
HFC_121.wav,88.635,82.12,88.79,100.657,79.593,21.064,12.941,87.980,77.027,3.700,20.82098783077513,303.922,418.270,1099.093,368.449,1.081,42.667,10.636,4.012,12.40,347.274,973.564,1533.041,2010.287,2647.929,3151.180,560.781,31.206,-1.452,,
HFC_122.wav,91.189,77.43,95.83,101.771,77.429,24.343,52.327,95.067,91.918,2.872,32.00107882834914,341.559,527.531,1175.562,389.102,1.393,51.368,9.694,5.299,9.91,382.847,935.022,1523.717,2046.235,2697.873,3149.501,553.331,31.627,-1.105,,
HFC_123.wav,91.901,89.75,83.68,94.123,83.675,10.447,68.147,37.172,6.228,2.265,2.7499687237407784,339.779,402.316,941.318,351.339,0.883,60.277,6.228,9.678,17.38,362.986,1012.448,1566.660,2040.635,2681.592,3152.766,557.956,31.364,-1.336,,
HFC_124.wav,93.768,85.15,83.30,103.851,83.296,20.555,20.080,72.748,56.577,2.538,22.291162952890215,329.486,405.997,1026.551,340.184,0.985,75.315,7.614,9.891,13.14,363.393,993.662,1567.851,2009.047,2737.369,3227.897,572.901,30.546,-1.497,,
HFC_125.wav,93.756,84.44,83.89,101.182,83.891,17.291,63.683,74.142,56.265,2.624,21.446361230442303,348.161,414.940,822.995,373.104,1.143,71.406,8.308,8.595,11.83,373.984,918.891,1532.158,1949.005,2672.578,3130.035,551.210,31.748,-1.273,,
HFC_126.wav,95.847,83.01,91.88,100.678,83.007,17.671,58.017,39.257,33.807,1.359,24.87877675286485,365.525,409.999,629.116,371.302,1.472,51.007,10.531,4.843,18.99,377.492,864.867,1468.961,1949.345,2578.005,3132.503,551.002,31.760,-1.097,,
HFC_127.wav,91.309,80.76,87.79,101.158,80.759,20.400,19.625,58.424,51.485,1.920,26.8135797392208,345.557,400.874,806.123,354.181,1.042,57.009,7.200,7.917,15.32,368.080,1002.466,1547.495,2020.316,2755.586,3242.121,574.808,30.445,-1.219,,
HFC_128.wav,91.174,81.77,83.77,105.353,81.773,23.580,26.879,66.149,51.435,3.138,16.388555422325517,346.428,405.006,989.362,351.274,1.115,74.361,11.657,6.379,11.69,355.324,984.404,1560.784,1989.576,2779.808,3261.519,581.239,30.108,-1.613,,
HFC_129.wav,90.472,89.19,75.79,104.279,75.787,28.492,20.320,92.370,85.235,3.562,23.932187841787584,329.328,392.785,992.641,334.929,0.702,63.608,7.835,8.118,13.40,347.451,992.093,1589.302,2041.042,2798.450,3253.331,581.176,30.111,-1.673,,
HFC_13.wav,90.999,97.88,98.40,107.605,77.016,30.589,38.831,111.404,101.857,4.687,21.73302336149747,287.022,403.274,1587.353,336.965,1.387,67.449,12.618,5.345,6.14,324.694,1086.371,1720.698,2193.799,2891.326,3344.412,603.944,28.976,-2.119,,
HFC_130.wav,90.440,76.76,80.92,105.999,76.763,29.236,25.583,97.786,77.657,2.113,36.751513053823295,333.050,388.193,1024.894,334.980,1.183,65.254,10.565,6.176,14.22,353.550,943.967,1627.431,2068.762,2785.018,3219.634,573.217,30.529,-2.102,,
HFC_131.wav,89.608,78.40,78.07,99.828,76.276,23.552,12.713,120.277,106.371,3.397,31.311597490384553,354.690,409.889,585.300,384.315,1.030,73.334,12.133,6.044,9.56,366.575,859.300,1556.155,2024.472,2752.039,3314.000,589.485,29.687,-0.347,,
HFC_132.wav,88.107,79.97,77.62,100.141,77.617,22.524,13.602,82.851,69.931,3.218,21.728854107375096,326.102,384.498,826.904,346.366,1.398,65.742,11.443,5.745,11.44,340.763,1024.735,1584.782,2030.906,2728.579,3261.929,584.233,29.954,-1.395,,
HFC_133.wav,90.128,106.39,103.26,106.393,79.627,26.767,17.793,110.068,47.898,1.235,38.77350358611517,310.330,423.499,1124.109,352.874,0.810,50.063,8.030,6.235,10.96,375.512,957.391,1516.971,2048.778,2748.058,3218.306,568.559,30.780,-1.174,,
HFC_134.wav,91.059,87.22,77.60,102.327,76.691,25.636,7.128,92.045,89.486,4.608,19.418642162780184,326.571,562.589,1090.465,341.233,1.302,59.032,9.216,6.405,11.03,383.747,926.690,1556.399,2066.893,2681.847,3148.718,552.994,31.646,-1.164,,
HFC_135.wav,85.838,81.15,85.30,102.351,80.826,21.525,29.681,78.497,75.716,5.888,12.858517275475021,284.376,431.889,1400.584,337.708,0.934,44.620,9.636,4.631,9.67,322.007,991.355,1541.774,2016.177,2727.526,3224.752,580.549,30.144,-1.359,,
HFC_136.wav,93.956,94.61,84.07,103.866,82.007,21.859,10.356,57.696,54.651,3.515,15.545692287674687,350.144,520.005,1005.989,365.414,1.138,36.058,8.349,4.319,11.12,372.484,902.835,1530.695,1973.827,2653.208,3158.271,557.157,31.409,-0.867,,
HFC_137.wav,82.848,91.69,76.64,104.114,72.850,31.264,17.836,103.765,82.660,2.676,30.88382109460566,304.804,373.708,970.702,323.576,0.934,84.223,11.241,7.492,9.41,349.723,1041.580,1532.438,2025.373,2765.414,3273.802,584.816,29.924,-1.249,,
HFC_138.wav,92.322,93.42,82.68,95.759,80.579,15.181,62.696,70.458,41.101,1.309,31.410162181974655,354.642,448.406,1812.999,363.681,0.764,53.250,8.505,6.261,10.98,368.522,1022.510,1516.347,2050.800,2776.392,3353.297,596.955,29.315,-1.828,,
HFC_139.wav,87.613,75.04,85.64,106.079,75.039,31.040,30.752,92.905,76.725,4.517,16.98699617134633,313.032,407.580,1236.972,330.752,0.996,76.106,13.550,5.617,8.34,361.439,1015.939,1575.699,2108.111,2751.407,3285.165,584.745,29.928,-1.351,,
HFC_14.wav,87.020,84.69,81.73,98.595,79.900,18.696,84.826,40.321,23.909,1.721,13.895495413985458,343.185,446.578,1649.587,355.942,1.744,100.423,10.610,9.464,8.63,354.386,1040.236,1698.138,2205.383,2823.553,3318.306,592.784,29.522,-2.256,,
HFC_140.wav,84.508,85.89,72.54,104.887,72.539,32.348,12.967,105.873,87.445,3.324,26.306602259783013,301.417,598.964,1185.195,345.603,1.053,41.140,7.598,5.415,7.18,461.786,1051.595,1577.888,2126.910,2750.543,3219.552,551.553,31.729,-0.767,,
HFC_141.wav,88.973,87.29,86.28,101.761,79.058,22.703,16.318,71.717,64.594,1.793,36.01765453980277,301.848,490.454,1242.092,303.685,1.115,60.015,11.657,5.148,9.36,353.393,1001.115,1508.625,2012.257,2741.728,3226.226,574.567,30.458,-1.444,,
HFC_142.wav,91.947,72.82,83.93,102.794,72.820,29.974,27.031,70.866,63.210,2.495,25.333803574895335,331.007,388.371,586.053,357.052,1.002,56.175,7.984,7.036,12.19,354.977,993.344,1473.463,2042.752,2699.588,3282.627,585.530,29.887,-0.198,,
HFC_143.wav,92.031,82.99,75.19,105.531,75.187,30.345,20.021,84.473,80.379,4.649,17.290672766803805,295.247,375.373,581.342,365.427,0.753,70.764,8.633,8.197,9.25,348.598,920.027,1531.248,2097.354,2754.271,3278.781,586.037,29.862,-0.065,,
HFC_144.wav,89.057,89.26,73.89,92.021,73.891,18.130,44.961,55.725,16.855,3.155,5.34309719401333,335.421,392.813,706.551,357.529,0.793,47.419,9.464,5.011,12.26,349.718,989.452,1566.647,2079.266,2772.368,3235.174,577.091,30.324,-0.765,,
HFC_145.wav,88.863,97.81,76.29,106.433,76.294,30.138,14.142,76.323,69.978,3.711,18.85635191257858,266.122,397.806,1076.701,358.490,0.674,47.503,5.196,9.143,11.81,336.343,1002.880,1542.567,2024.192,2680.574,3167.641,566.259,30.905,-1.070,,
HFC_146.wav,95.025,96.71,78.25,105.165,75.225,29.940,12.252,58.184,44.496,3.598,12.365265438287588,332.452,585.315,1022.097,389.148,1.528,45.466,8.833,5.147,12.53,399.233,949.807,1475.852,2002.143,2677.109,3159.567,552.067,31.699,-0.720,,
HFC_147.wav,89.090,77.67,87.23,105.907,77.666,28.242,39.441,65.144,55.015,2.977,18.47834025815911,333.454,401.683,1038.684,336.336,1.008,61.254,12.901,4.748,9.62,354.079,972.846,1514.926,2040.434,2698.067,3157.854,560.755,31.208,-1.173,,
HFC_148.wav,89.487,83.72,83.80,106.936,77.408,29.528,42.965,87.764,70.650,3.637,19.42602566593335,318.219,380.482,919.539,323.064,0.962,70.938,8.832,8.032,11.89,342.824,986.080,1546.519,2010.388,2696.552,3296.933,590.822,29.620,-1.282,,
HFC_149.wav,91.083,82.19,82.41,106.179,81.914,24.265,36.047,72.517,63.708,3.963,16.07456360275282,328.782,414.395,1114.797,336.225,0.883,61.711,9.625,6.411,10.68,354.006,1003.905,1631.106,2081.443,2859.381,3327.312,594.661,29.429,-1.344,,
HFC_15.wav,84.605,96.00,85.18,95.997,75.082,20.915,1.330,109.597,106.330,7.150,14.870928366760829,296.236,387.321,864.951,338.578,1.189,72.176,15.562,4.638,5.87,355.285,963.681,1644.349,2155.747,2863.857,3344.631,597.869,29.271,-1.258,,
HFC_150.wav,93.819,101.54,79.90,105.510,79.898,25.611,14.741,110.471,105.421,7.681,13.725795875118845,316.937,378.186,886.104,327.060,0.651,75.835,9.985,7.595,9.63,335.837,853.878,1567.448,2064.764,2878.242,3341.329,601.098,29.113,-1.117,,
HFC_151.wav,90.635,82.52,93.99,102.270,75.599,26.671,71.107,106.326,96.562,2.362,40.88714891725232,353.191,466.630,1094.059,312.797,1.059,78.422,8.974,8.738,10.01,373.004,890.391,1557.502,2028.053,2776.320,3210.694,567.538,30.835,-1.357,,
HFC_152.wav,91.977,104.68,92.85,104.685,75.669,29.016,1.763,97.712,89.085,4.357,20.44704725217065,343.841,453.203,1146.725,387.495,1.262,69.318,9.902,7.001,9.91,373.585,937.970,1493.481,1996.735,2689.623,3162.877,557.858,31.370,-1.400,,
HFC_153.wav,91.058,89.46,85.59,106.058,81.298,24.760,22.759,77.631,63.681,3.779,16.853127835929428,340.107,398.352,1105.080,334.957,1.059,58.300,8.030,7.261,15.09,345.547,955.596,1614.437,2046.791,2747.258,3239.671,578.825,30.234,-1.920,,
HFC_154.wav,90.300,99.57,86.86,102.245,73.003,29.242,10.776,77.623,55.166,3.173,17.384296772868357,350.997,410.429,814.462,355.257,0.945,79.663,7.404,10.759,14.80,369.822,852.085,1542.371,2034.078,2737.033,3204.559,566.947,30.867,-0.863,,
HFC_155.wav,95.832,105.17,88.43,105.169,85.359,19.810,9.583,58.661,42.648,3.155,13.519600976680184,337.286,469.327,869.923,376.295,1.268,39.724,9.069,4.380,13.05,383.884,814.917,1538.752,2036.075,2724.430,3158.153,554.854,31.540,-0.525,,
HFC_156.wav,96.854,101.52,99.77,109.395,80.876,28.519,44.396,145.193,135.050,5.152,26.211249832915595,316.556,398.071,1408.510,327.277,0.679,82.163,10.305,7.973,8.78,328.050,1026.747,1666.242,2071.530,2861.484,3313.548,597.099,29.308,-1.975,,
HFC_157.wav,88.619,84.34,90.29,93.336,83.827,9.509,33.040,47.085,33.464,5.120,6.535624834367717,305.689,453.922,1237.793,366.790,0.781,53.757,5.760,9.332,11.50,352.757,897.991,1550.076,2023.553,2766.844,3189.828,567.414,30.842,-1.410,,
HFC_158.wav,83.432,92.14,72.82,99.309,70.675,28.634,11.088,78.584,64.352,4.868,13.218449839881828,286.657,443.732,1191.978,276.368,1.438,45.524,6.607,6.890,13.62,330.329,944.786,1551.302,2059.728,2645.804,3159.174,565.769,30.931,-1.400,,
HFC_159.wav,85.230,72.06,78.87,94.603,72.061,22.542,49.986,82.714,78.521,2.553,30.759484739277138,264.472,359.419,518.361,365.828,0.979,50.677,9.700,5.224,8.76,325.400,833.643,1589.688,2067.613,2812.188,3380.199,610.960,28.643,0.183,,
HFC_16.wav,88.025,81.84,79.18,101.346,79.176,22.170,28.911,67.619,65.895,7.254,9.084185290317073,319.085,358.208,476.823,338.092,1.172,67.376,13.228,5.094,9.43,348.658,898.703,1612.063,2075.118,2813.724,3367.484,603.765,28.985,-0.278,,
HFC_160.wav,89.538,72.13,92.46,106.749,72.132,34.617,71.889,79.396,69.749,3.271,21.321405324640942,311.435,371.373,686.415,326.319,1.528,86.189,10.468,8.233,8.85,344.826,868.557,1575.796,2036.620,2784.049,3308.192,592.673,29.527,-0.747,,
HFC_161.wav,87.295,75.45,89.38,102.332,75.445,26.887,20.757,107.318,102.838,2.128,48.3186908127635,304.694,512.263,1394.156,324.424,0.940,57.612,6.385,9.023,11.02,357.811,1026.467,1572.188,2029.341,2758.014,3219.488,572.335,30.576,-1.232,,
HFC_162.wav,85.584,79.00,80.95,104.521,75.282,29.239,33.949,97.039,76.177,4.416,17.249092804983363,303.227,483.292,1429.576,318.423,1.019,64.216,13.249,4.847,8.49,357.457,1009.261,1602.706,2044.234,2771.474,3273.316,583.172,30.008,-1.333,,
HFC_163.wav,89.887,108.33,86.77,108.325,78.927,29.398,4.292,131.318,118.625,4.206,28.204183995823094,322.476,472.429,1607.058,330.932,0.832,48.985,14.420,3.397,9.01,348.634,1089.124,1608.548,2103.273,2855.042,3299.102,590.094,29.656,-1.990,,
HFC_164.wav,91.352,85.39,76.95,105.672,76.950,28.722,27.500,97.177,80.563,2.374,33.93072358450045,327.022,468.621,1294.387,351.467,1.053,63.623,9.497,6.699,9.17,374.260,996.679,1595.177,2083.128,2763.741,3270.454,579.239,30.212,-1.327,,
HFC_17.wav,88.452,86.36,82.88,105.084,80.672,24.412,21.554,86.284,76.840,4.389,17.50760118117584,309.903,342.802,400.683,332.257,0.911,69.152,7.132,9.696,10.32,327.166,892.494,1616.937,2176.571,2868.223,3391.168,612.801,28.557,0.068,,
HFC_18.wav,90.745,102.91,75.98,105.232,75.981,29.251,22.812,70.796,51.610,2.366,21.81442903652544,312.864,468.440,985.919,364.850,1.268,60.257,10.252,5.877,7.68,371.302,933.421,1703.249,2198.487,2832.858,3332.643,592.268,29.547,-1.221,,
HFC_19.wav,87.541,96.00,90.66,100.026,78.887,21.139,10.757,89.644,77.968,4.818,16.183635777346264,327.490,477.129,1390.270,375.878,0.934,49.108,12.312,3.989,7.22,361.752,1040.921,1530.886,1972.055,2701.251,3219.913,571.632,30.614,-1.328,,
HFC_20.wav,90.568,89.99,76.86,99.624,76.856,22.768,13.145,78.641,59.924,5.656,10.594229394499107,282.135,393.017,856.824,286.997,1.149,56.132,8.267,6.790,9.52,330.281,892.464,1509.008,2006.860,2653.207,3139.029,561.750,31.153,-0.981,,
HFC_21.wav,85.940,83.16,84.90,104.051,72.498,31.552,15.287,98.534,83.142,4.206,19.767512249062996,302.674,484.646,1218.727,332.343,1.308,55.476,12.618,4.397,9.15,354.870,951.330,1530.005,1991.889,2703.700,3208.138,570.653,30.667,-1.294,,
HFC_22.wav,91.118,96.48,74.24,106.020,74.062,31.958,11.125,108.444,94.458,3.751,25.180229697130144,306.196,502.554,919.510,328.127,1.466,58.244,12.959,4.494,7.48,404.120,899.423,1547.616,2030.977,2682.933,3234.318,566.040,30.917,-0.568,,
HFC_23.wav,99.868,102.98,96.67,109.026,76.720,32.307,22.426,84.003,68.811,3.065,22.450938103137112,313.288,391.292,1648.087,312.525,1.794,71.820,10.309,6.966,11.75,339.876,1081.242,1750.451,2203.307,2903.976,3381.821,608.389,28.764,-2.512,,
HFC_24.wav,84.744,72.75,85.21,103.102,72.751,30.351,51.953,50.585,45.745,5.284,8.656579005339685,240.232,340.558,521.453,337.313,1.325,62.227,9.436,6.594,10.41,311.482,1092.390,1702.216,2247.076,2943.722,3455.679,628.839,27.829,0.301,,
HFC_25.wav,90.042,97.95,91.35,103.705,83.655,20.049,21.725,58.068,35.374,1.550,22.827823117460053,347.908,363.101,401.716,351.259,0.968,68.803,8.781,7.835,18.76,333.900,893.968,1532.049,2096.138,2808.430,3373.256,607.871,28.789,-0.485,,
HFC_26.wav,87.553,83.82,78.48,103.386,78.476,24.910,17.108,95.118,75.822,4.814,15.750195765870236,295.432,584.540,1323.173,350.499,0.935,60.068,12.303,4.883,8.19,377.185,1085.791,1625.149,2123.619,2744.819,3241.929,572.949,30.544,-1.131,,
HFC_27.wav,88.663,86.73,83.36,101.537,79.894,21.643,16.950,101.723,82.973,3.697,22.440839587578342,325.784,433.648,1310.241,349.714,1.217,61.810,9.449,6.542,14.59,349.998,1099.338,1532.298,2005.496,2677.803,3209.955,571.991,30.595,-1.651,,
HFC_28.wav,85.775,84.02,72.89,103.541,72.887,30.654,52.224,76.147,65.231,1.599,40.80338637071961,270.924,357.997,567.826,337.100,1.251,66.244,15.187,4.362,5.56,352.268,922.424,1690.094,2173.100,2829.384,3295.642,588.675,29.728,0.017,,
HFC_29.wav,90.575,81.16,87.91,105.943,81.006,24.937,26.324,72.340,67.433,4.108,16.414426640691175,288.316,379.605,1075.789,323.667,1.217,77.322,12.324,6.274,5.21,357.047,1031.189,1614.076,2091.225,2869.669,3342.889,597.168,29.305,-1.337,,
HFC_30.wav,94.974,83.47,89.89,108.410,78.336,30.074,52.650,81.520,78.762,2.103,37.452037371050906,299.044,409.669,1506.951,311.624,0.951,66.344,13.670,4.853,7.24,337.242,1071.148,1710.257,2172.422,2855.407,3391.247,610.801,28.651,-2.049,,
HFC_31.wav,88.388,81.44,87.69,100.820,79.757,21.063,20.543,112.100,97.763,3.732,26.195696705378896,320.786,555.120,1543.223,352.931,0.804,63.958,9.330,6.855,8.57,351.827,1037.662,1640.410,2068.494,2739.617,3202.929,570.220,30.690,-1.499,,
HFC_32.wav,98.562,89.43,88.68,102.821,88.543,14.278,51.006,26.872,13.254,1.019,13.004844449071811,380.521,499.449,1550.219,376.063,1.472,49.097,10.531,4.662,15.13,386.379,1001.498,1573.858,2042.524,2699.211,3132.009,549.126,31.869,-1.958,,
HFC_33.wav,91.662,82.63,88.35,104.828,82.633,22.195,36.931,59.853,45.707,1.448,31.566715092624406,327.250,373.194,558.233,345.318,1.036,71.823,9.170,7.832,16.63,350.423,995.558,1503.401,2034.875,2663.652,3225.778,575.071,30.431,-0.770,,
HFC_34.wav,90.071,81.83,80.53,102.568,76.192,26.377,13.986,72.653,58.738,3.189,18.420935512658552,339.525,417.315,1219.114,352.030,1.568,61.628,7.334,8.403,13.90,375.496,986.355,1519.522,1989.974,2627.791,3192.876,563.476,31.057,-1.667,,
HFC_35.wav,96.949,71.93,81.68,109.202,71.931,37.270,70.870,53.215,48.130,0.376,128.05340661468136,302.475,698.537,1768.681,320.910,1.330,41.061,9.772,4.202,8.56,335.382,1177.614,1699.830,2063.763,2834.253,3257.404,584.404,29.945,-1.527,,
HFC_36.wav,91.525,73.85,85.21,104.257,73.853,30.404,63.514,160.679,123.776,4.077,30.363105386957013,315.649,777.773,1966.211,324.181,0.736,77.158,10.871,7.098,6.08,358.123,1119.931,1771.437,2215.994,2990.535,3409.202,610.216,28.678,-1.777,,
HFC_37.wav,92.278,91.13,104.54,105.909,84.403,21.506,19.778,87.813,74.439,4.394,16.93977795240509,331.091,686.041,1985.161,332.598,1.138,60.266,7.470,8.067,8.33,382.243,1085.281,1740.396,2175.984,2860.525,3379.264,599.404,29.196,-1.585,,
HFC_38.wav,94.870,77.39,78.63,107.619,77.392,30.227,70.204,64.515,33.836,0.453,74.69998612997881,317.230,517.120,1795.196,320.970,1.104,64.716,9.059,7.144,9.51,340.180,1141.841,1679.498,2109.106,2782.214,3267.488,585.462,29.891,-1.812,,
HFC_39.wav,91.485,90.55,75.58,104.227,75.585,28.642,26.060,69.187,45.061,3.616,12.462980661039824,307.708,351.024,449.667,329.925,0.968,67.012,4.649,14.415,17.94,341.974,983.966,1582.278,2105.647,2823.471,3300.726,591.750,29.573,-0.781,,
HFC_40.wav,88.925,77.30,82.34,107.480,71.020,36.460,59.049,100.578,97.094,3.349,28.993357679179766,303.920,390.582,657.043,316.437,1.194,53.592,9.209,5.819,8.29,362.731,902.301,1551.845,2125.765,2738.232,3336.530,594.760,29.424,-0.382,,
HFC_41.wav,90.748,82.51,78.41,103.921,78.414,25.507,32.534,69.366,51.265,2.467,20.778938220417196,321.283,367.169,601.880,329.077,1.013,54.128,7.401,7.313,17.20,344.785,1034.324,1602.424,2045.794,2763.874,3226.017,576.246,30.369,-0.865,,
HFC_42.wav,88.353,100.54,83.19,105.886,79.122,26.764,10.816,83.834,80.206,6.794,11.80492507784386,270.859,357.497,532.577,342.898,0.810,44.696,12.971,3.446,8.38,342.371,939.411,1564.663,2027.922,2746.056,3316.457,594.817,29.421,0.085,,
HFC_43.wav,83.697,74.97,75.47,101.594,73.911,27.683,16.959,80.177,74.144,3.897,19.027084100033424,281.168,367.912,686.559,340.735,1.540,58.348,10.716,5.445,9.18,340.395,1035.180,1586.196,2099.321,2743.963,3340.312,599.983,29.167,-0.563,,
HFC_44.wav,84.670,78.94,75.15,98.282,75.152,23.130,23.279,67.990,64.626,4.354,14.842390547754198,267.648,381.703,974.986,346.852,0.804,57.498,10.574,5.437,10.32,326.065,1024.295,1595.646,2087.747,2744.736,3221.559,579.099,30.219,-1.270,,
HFC_45.wav,92.428,96.52,104.22,104.218,84.365,19.853,98.544,73.034,55.273,4.576,12.077521183891093,311.622,624.813,1061.599,278.233,1.093,82.092,10.526,7.799,9.46,389.448,877.928,1545.672,2095.416,2725.108,3225.799,567.270,30.849,-1.021,,
HFC_46.wav,91.279,86.92,79.89,106.550,78.095,28.455,14.997,69.849,61.652,4.753,12.971053965647215,294.701,476.221,1192.306,284.651,1.262,54.944,6.733,8.160,10.83,349.458,919.496,1518.910,2019.148,2730.392,3174.668,565.042,30.971,-1.163,,
HFC_47.wav,94.124,79.29,76.20,107.288,76.199,31.090,17.045,86.407,82.045,3.727,22.01480296366281,342.980,542.243,1317.272,371.208,1.342,54.652,10.062,5.431,11.92,384.305,989.023,1569.379,2076.931,2727.687,3206.867,564.512,31.000,-1.264,,
HFC_48.wav,89.885,95.18,85.00,104.132,71.393,32.739,19.673,101.831,96.040,3.680,26.096166276464455,331.179,476.846,1028.793,336.459,1.494,61.057,9.702,6.293,11.30,372.559,929.529,1520.335,2013.700,2681.305,3213.319,568.152,30.802,-0.897,,
HFC_49.wav,90.348,83.78,72.01,101.819,72.006,29.812,56.126,85.427,81.300,3.708,21.923601059398415,328.634,529.107,1025.354,360.651,1.483,49.054,8.428,5.820,9.16,402.151,888.111,1524.134,1991.933,2637.610,3171.025,553.775,31.601,-0.444,,
HFC_50.wav,91.118,86.00,78.81,106.564,77.767,28.796,21.922,65.364,46.249,2.473,18.700456058489955,320.256,409.275,1074.695,333.339,1.415,64.954,9.539,6.809,9.86,371.741,962.334,1526.194,2010.888,2763.602,3237.665,573.185,30.531,-0.967,,
HFC_51.wav,85.872,74.49,88.27,102.250,74.487,27.763,21.886,90.214,78.535,4.127,19.027967089117112,304.773,428.091,1139.138,341.971,1.211,68.281,12.795,5.337,9.44,370.431,1006.234,1573.789,2021.000,2718.682,3295.860,585.086,29.910,-1.072,,
HFC_52.wav,88.249,96.04,81.08,97.419,78.822,18.598,19.655,120.644,111.228,7.210,15.426495481088622,315.138,421.082,1210.193,357.501,0.832,75.232,11.416,6.590,6.09,355.731,970.314,1631.741,2121.711,2816.116,3380.070,604.868,28.932,-1.513,,
HFC_53.wav,92.740,88.00,75.75,102.138,75.642,26.495,14.178,87.341,78.560,3.822,20.555716636961318,327.462,413.822,775.173,349.501,1.177,70.248,11.465,6.127,10.25,363.772,905.839,1585.642,2020.581,2691.702,3223.542,571.954,30.597,-0.792,,
HFC_54.wav,94.572,97.53,88.64,100.602,79.933,20.669,71.171,70.103,38.899,2.362,16.47113498784655,344.388,557.079,1162.683,374.581,1.059,43.447,8.502,5.110,12.78,387.924,958.482,1511.913,2060.286,2807.641,3194.674,561.350,31.175,-1.252,,
HFC_55.wav,92.555,96.96,85.37,104.984,75.566,29.418,16.785,90.122,81.277,3.419,23.771711220811213,334.117,580.630,1213.103,367.640,1.755,44.703,9.972,4.483,11.45,400.176,993.755,1535.007,2026.787,2688.066,3191.026,558.170,31.352,-1.015,,
HFC_56.wav,88.119,105.61,80.23,105.613,71.991,33.623,6.223,119.461,100.447,3.605,27.861981834770724,315.307,538.968,1082.142,343.779,1.110,58.807,9.013,6.525,11.33,391.797,967.799,1561.483,1969.349,2690.819,3267.160,575.073,30.431,-0.828,,
HFC_57.wav,88.453,107.38,87.80,107.380,81.812,25.568,1.997,90.982,87.130,2.560,34.033112886366055,331.898,422.439,1848.380,333.620,0.781,56.718,5.120,11.077,11.03,348.201,1116.018,1748.020,2275.681,2830.683,3378.463,606.052,28.875,-2.078,,
HFC_58.wav,92.256,79.70,84.61,103.361,79.698,23.663,19.073,92.244,74.263,2.054,36.15357008675919,332.635,481.179,1237.154,334.054,1.217,80.321,9.449,8.501,11.20,374.307,1005.165,1548.843,2031.836,2775.166,3210.472,567.233,30.852,-1.357,,
HFC_59.wav,88.685,73.10,81.37,106.178,73.098,33.081,31.675,78.627,67.394,2.609,25.833672292305607,327.607,409.426,1143.413,339.573,1.342,68.006,12.298,5.530,10.42,353.714,1013.158,1523.178,2005.283,2814.405,3320.681,593.393,29.491,-1.283,,
HFC_60.wav,93.450,93.54,80.64,107.114,80.644,26.469,33.241,111.927,101.254,5.000,20.252414105369137,335.733,556.577,2169.780,338.183,0.900,82.750,9.444,8.762,7.12,347.478,1073.919,1768.239,2277.877,2919.465,3369.545,604.414,28.954,-1.762,,
HFC_61.wav,89.581,82.46,74.88,106.691,74.777,31.914,66.625,106.652,98.235,4.206,23.35590409369101,318.317,434.948,1469.445,327.496,0.951,82.675,13.670,6.048,5.21,340.775,1016.799,1642.989,2053.508,2714.383,3230.806,578.006,30.276,-2.006,,
HFC_62.wav,86.274,79.80,74.35,103.727,74.353,29.374,17.824,85.756,82.671,5.489,15.060653635523959,265.002,349.297,547.324,342.040,1.002,63.646,10.479,6.073,8.02,351.735,1050.274,1683.586,2221.783,2824.770,3392.316,608.116,28.777,0.314,,
HFC_63.wav,84.958,100.76,85.35,101.530,71.209,30.321,12.026,127.580,116.975,5.853,19.985846924764516,331.699,506.494,1919.430,336.539,0.940,64.989,10.642,6.107,5.59,356.539,1079.530,1775.410,2243.829,2829.154,3330.686,594.829,29.420,-2.105,,
HFC_64.wav,87.154,73.38,77.51,102.373,73.378,28.995,24.538,130.166,126.306,6.274,20.13000819857896,301.976,361.804,577.985,332.014,1.036,74.316,10.136,7.332,6.15,341.353,962.910,1626.265,2174.218,2834.393,3460.162,623.762,28.056,-0.148,,
HFC_65.wav,97.531,86.55,102.46,106.683,81.507,25.175,70.885,61.643,54.532,2.933,18.590526417104172,298.536,391.658,1205.674,305.968,1.534,74.450,10.755,6.922,8.80,337.224,1010.501,1663.564,2149.424,2844.945,3330.305,598.616,29.234,-1.857,,
HFC_66.wav,89.348,85.49,79.58,104.116,78.466,25.650,37.971,86.349,78.136,4.099,19.05997021100006,301.870,351.485,430.153,340.064,1.342,66.366,10.808,6.141,8.41,329.318,880.169,1567.798,2048.075,2796.917,3375.096,609.156,28.728,-0.016,,
HFC_67.wav,94.581,98.04,82.04,104.481,78.794,25.687,11.317,75.426,54.701,2.536,21.572332177747636,332.992,509.027,1161.114,369.695,1.183,61.559,8.452,7.283,11.53,371.170,912.801,1596.442,2071.151,2617.690,3187.544,563.275,31.068,-1.188,,
HFC_68.wav,88.115,74.22,87.26,98.638,74.224,24.414,72.530,114.821,106.867,3.840,27.828411098309264,336.630,507.995,1786.922,347.226,0.911,49.579,10.423,4.756,7.32,344.660,1092.870,1733.066,2185.897,2843.479,3294.755,590.019,29.660,-2.334,,
HFC_69.wav,90.023,101.94,82.97,105.108,82.974,22.134,17.370,49.083,33.544,5.289,6.342269328304897,347.879,371.261,487.435,348.375,0.945,61.800,8.462,7.303,15.12,356.879,1121.824,1735.805,2279.877,2900.353,3406.238,609.872,28.695,-0.484,,
HFC_70.wav,93.048,86.59,78.13,99.727,78.127,21.599,63.201,74.193,70.804,3.132,22.605292418183346,229.107,355.739,487.920,377.172,0.798,52.767,7.517,7.019,12.60,335.394,910.939,1542.218,2130.756,2821.168,3365.705,606.062,28.875,0.155,,
HFC_71.wav,89.101,73.66,81.59,106.588,73.658,32.929,36.409,94.009,59.719,3.063,19.495186478002562,281.651,343.414,442.510,337.326,0.979,44.899,7.148,6.282,13.65,325.049,848.970,1585.573,2145.531,2887.294,3391.846,613.359,28.531,0.320,,
HFC_72.wav,88.380,77.96,86.72,104.105,77.666,26.439,30.041,80.997,60.619,1.850,32.77138294360394,332.284,363.864,455.474,342.957,1.081,64.661,6.937,9.322,14.18,351.568,818.833,1509.370,2072.471,2781.556,3320.417,593.770,29.473,-0.343,,
HFC_73.wav,88.871,83.36,72.55,102.034,72.555,29.480,11.676,76.633,67.587,3.231,20.91581740762049,302.870,483.359,1457.280,343.280,1.393,41.760,9.694,4.308,12.50,346.321,1111.833,1534.280,2114.036,2707.403,3214.851,573.706,30.503,-1.630,,
HFC_74.wav,89.357,84.37,83.96,98.664,76.758,21.906,16.380,80.133,61.871,2.987,20.71449601960166,333.939,445.267,1246.461,342.887,1.172,67.591,9.387,7.200,8.35,369.168,1004.291,1500.868,2073.703,2792.371,3275.187,581.204,30.110,-1.354,,
HFC_75.wav,92.412,96.14,96.53,102.073,81.265,20.808,6.973,77.490,67.178,6.512,10.31528632276378,356.331,506.309,1154.292,329.627,1.228,48.068,11.397,4.218,10.58,375.064,932.455,1503.360,2041.587,2645.616,3127.946,550.577,31.785,-1.284,,
HFC_76.wav,89.813,100.62,77.04,103.320,77.038,26.283,18.707,102.372,95.603,4.742,20.159548757621337,326.287,453.493,1177.551,371.234,1.687,61.057,10.670,5.722,9.87,357.737,1010.957,1476.322,2111.409,2773.733,3262.267,580.906,30.125,-1.585,,
HFC_77.wav,89.906,82.48,84.14,102.846,76.511,26.335,21.475,110.788,104.493,5.335,19.586005950337974,313.729,375.701,517.803,357.802,0.843,60.354,10.077,5.989,8.72,358.002,939.239,1498.208,2086.616,2731.830,3309.243,590.248,29.649,-0.051,,
HFC_78.wav,88.349,92.74,85.52,95.032,74.998,20.035,50.622,68.675,61.227,5.063,12.092464002616358,321.869,375.334,468.985,360.796,0.889,54.545,5.626,9.695,13.81,347.640,978.692,1535.358,2089.659,2813.003,3365.263,603.525,28.996,-0.267,,
HFC_79.wav,87.730,82.07,82.72,105.026,75.009,30.017,15.616,119.163,114.630,5.135,22.321982122152242,312.049,410.567,941.763,341.613,0.974,64.583,10.784,5.989,5.09,362.437,945.538,1586.935,2111.020,2819.716,3303.080,588.129,29.755,-0.849,,
HFC_80.wav,86.652,85.60,82.96,104.602,74.906,29.696,17.401,91.686,80.796,4.649,17.380258681125603,303.720,481.787,1150.164,349.361,1.506,51.776,10.958,4.725,8.43,420.510,1021.973,1589.497,2132.377,2808.451,3293.961,574.690,30.451,-1.169,,
HFC_81.wav,88.975,73.88,102.83,107.949,73.322,34.627,38.489,102.018,92.518,4.291,21.560193067391612,299.284,434.642,1496.253,339.360,1.398,44.620,11.085,4.025,5.54,363.348,1043.845,1666.654,2156.649,2835.596,3302.001,587.730,29.776,-1.672,,
HFC_82.wav,89.698,79.75,79.70,100.615,76.896,23.718,76.617,78.531,48.953,2.676,18.289885628983125,358.156,625.197,1520.194,377.196,0.934,53.990,9.635,5.603,9.30,399.602,1069.222,1575.172,2106.835,2751.516,3228.292,565.738,30.933,-1.204,,
HFC_83.wav,102.075,97.97,78.03,108.238,78.032,30.206,63.920,95.598,77.197,4.269,18.085176488216767,324.143,425.401,2098.162,325.682,1.523,62.606,9.850,6.356,13.82,338.236,1106.581,1633.715,2114.379,2872.360,3293.394,591.032,29.609,-2.363,,
HFC_84.wav,88.997,107.78,80.35,107.807,78.709,29.098,5.824,103.163,95.059,6.743,14.098419264939352,237.530,788.388,2035.766,329.316,0.742,37.407,10.788,3.467,1.70,352.652,1141.672,1777.071,2179.315,2902.377,3281.135,585.697,29.879,-1.367,,
HFC_85.wav,86.110,101.71,72.86,104.655,72.862,31.792,16.199,84.940,53.194,4.569,11.643365196353134,332.348,408.358,968.362,341.221,0.985,92.044,7.107,12.952,8.57,371.443,1020.445,1535.578,1998.893,2686.830,3184.586,562.629,31.104,-1.128,,
HFC_86.wav,87.314,79.41,77.12,107.504,72.499,35.005,31.407,92.516,87.191,4.438,19.644261650896755,315.325,363.493,639.033,330.449,1.127,83.058,10.652,7.797,8.84,353.956,1015.929,1572.276,2016.231,2706.338,3248.444,578.898,30.230,-0.448,,
HFC_87.wav,95.770,86.55,77.71,99.958,77.583,22.375,44.236,48.766,25.296,2.509,10.081116592771258,320.126,395.144,532.425,377.082,0.996,51.377,8.030,6.398,15.45,357.675,866.113,1509.429,2038.837,2689.015,3188.836,566.232,30.906,-0.792,,
HFC_88.wav,95.556,89.28,87.02,104.232,81.748,22.484,70.922,88.612,80.779,3.495,23.113489498122306,348.524,436.382,976.525,384.534,1.574,51.267,6.990,7.334,13.23,375.986,893.510,1534.656,1993.969,2660.569,3158.040,556.411,31.452,-1.176,,
HFC_89.wav,89.999,88.11,86.30,106.806,78.405,28.401,32.256,63.037,52.705,3.663,14.38738562988754,337.051,409.244,1265.131,329.029,1.228,73.160,5.698,12.839,11.12,342.189,1044.792,1578.894,2022.608,2688.538,3184.328,568.428,30.787,-1.993,,
HFC_90.wav,93.105,74.06,86.06,108.527,74.061,34.466,71.142,70.887,65.182,1.068,61.00604859914973,326.817,453.545,1755.341,338.406,1.404,55.977,9.616,5.821,12.57,348.086,1096.580,1640.666,2070.355,2816.595,3263.269,583.037,30.015,-2.023,,
HFC_91.wav,84.611,82.72,75.43,94.397,73.538,20.859,62.552,74.475,68.206,2.961,23.037475619939197,353.237,704.229,1976.799,358.365,1.013,45.364,8.882,5.107,8.65,363.299,1073.225,1712.182,2185.584,2860.668,3308.099,588.960,29.713,-1.630,,
HFC_92.wav,84.072,85.64,84.14,105.131,70.874,34.257,21.529,76.600,54.769,2.668,20.525016559467968,420.213,1070.436,2001.347,347.570,1.874,38.499,9.873,3.899,9.78,447.877,1177.099,1671.644,2193.486,2764.529,3276.325,565.690,30.936,-1.098,,
HFC_93.wav,86.993,93.17,83.56,103.417,77.478,25.939,23.839,108.792,102.086,4.228,24.143173012279092,320.962,528.812,1270.057,363.208,1.064,58.696,10.336,5.679,10.14,364.835,1017.564,1584.880,2047.042,2728.054,3223.746,571.782,30.606,-1.227,,
HFC_94.wav,83.160,91.09,83.64,101.930,71.853,30.077,39.698,100.101,81.476,3.715,21.93387400773227,332.659,585.956,1221.180,389.482,1.211,62.889,7.017,8.963,11.28,392.673,927.526,1544.673,2071.471,2676.590,3136.934,548.852,31.885,-0.930,,
HFC_95.wav,89.517,84.62,103.64,107.370,80.302,27.068,24.126,92.398,74.377,4.385,16.961913608080415,304.679,371.757,663.600,344.558,1.596,62.506,10.023,6.236,11.44,345.122,1027.783,1574.869,2159.962,2796.117,3339.078,598.791,29.226,-0.993,,
HFC_96.wav,94.816,105.49,79.52,108.530,75.651,32.879,17.754,142.379,133.321,4.723,28.226494329130162,331.750,464.590,1852.068,324.938,1.059,104.261,9.446,11.037,8.29,344.821,922.599,1747.916,2208.127,2876.416,3420.740,615.184,28.447,-2.780,,
HFC_97.wav,89.060,88.42,77.74,99.543,77.745,21.798,10.632,58.891,45.831,4.392,10.435373270826735,302.250,410.897,1039.285,354.900,1.025,50.670,5.856,8.653,12.77,334.782,948.074,1458.091,2004.416,2761.380,3171.374,567.318,30.847,-1.143,,
HFC_98.wav,90.348,92.85,82.46,97.174,76.595,20.578,55.595,85.452,78.683,5.843,13.467162420932144,319.693,424.929,1092.452,362.382,1.455,62.371,9.279,6.721,9.03,364.284,946.880,1506.912,2034.173,2679.155,3222.776,571.699,30.611,-1.456,,
HFC_99.wav,90.248,82.01,96.16,106.848,81.047,25.801,22.499,112.451,107.732,3.419,31.509275397606544,333.674,428.554,1238.936,342.003,0.877,61.685,10.827,5.697,10.30,350.103,988.621,1564.945,1985.904,2736.581,3196.401,569.260,30.742,-1.491,,